32.9279812361007,-117.259855438523,0,0,0,0,0,0,0,0,0,0,0,0,0,0,0,0,0,0,0,0,0,0,0,0,0,0,0,0,0,0
32.9279812361007,-117.259855438523,0,0,0,0,0,0,0,0,0,0,0,0,0,0,0,0,0,0,0,0,0,0,0,0,0,0,0,0,0,0
32.9279812361007,-117.259855438523,0,0,0,0,0,0,0,0,0,0,0,0,0,0,0,0,0,0,0,0,0,0,0,0,0,0,0,0,0,0
32.9279812361007,-117.259855438523,145,0,136,0,0,0,151,0,0,157,147,0,0,0,0,141,0,0,0,0,132,0,0,0,0,0,0,0,0,146
32.9279844560608,-117.259855438523,0,148,136,0,0,139,150,149,0,158,148,160,0,154,132,0,0,0,0,137,133,148,0,141,147,157,149,166,0,0
32.9279930426208,-117.259855438523,0,148,136,0,0,138,0,143,144,0,147,160,0,0,133,0,139,152,0,136,0,148,0,141,0,0,0,167,157,146
32.9280005558609,-117.259855438523,0,148,135,132,0,0,0,0,143,157,0,161,144,153,0,140,0,154,127,136,133,147,0,0,146,157,148,168,157,147
32.9280091424209,-117.259855438523,0,148,0,132,0,139,152,149,0,0,148,160,144,154,133,140,141,152,128,136,0,0,137,142,146,157,151,0,157,0
32.928018265641,-117.259855438523,146,0,0,133,0,0,151,0,0,157,148,0,0,154,132,0,140,0,127,0,133,0,0,142,0,157,149,0,0,147
32.928026852201,-117.259855438523,0,0,136,132,0,0,151,149,0,157,148,0,0,0,0,0,140,0,0,136,133,148,0,141,0,0,149,168,0,147
32.9280359754211,-117.259855438523,146,0,136,0,0,139,151,149,144,157,148,161,144,0,132,141,141,0,127,0,133,149,0,142,147,0,149,0,157,146
32.9280445619812,-117.259855438523,145,148,135,0,0,0,0,0,0,157,139,0,143,0,132,141,139,0,128,0,132,149,0,0,147,0,149,168,0,0
32.9280531485412,-117.259855438523,145,148,136,0,0,138,151,0,0,0,0,0,0,0,132,0,139,0,127,136,0,148,0,142,0,0,151,0,0,146
32.9280617351013,-117.259855438523,146,148,136,132,0,0,0,149,0,157,147,160,143,154,0,140,141,152,0,136,133,148,136,140,146,157,149,0,157,0
32.9280703216613,-117.259855438523,145,148,135,0,0,139,0,0,0,158,148,161,0,154,132,140,0,151,127,0,0,149,0,0,148,157,0,168,0,146
32.9280794448814,-117.259855438523,146,148,137,132,0,138,0,149,0,157,148,161,0,0,132,141,140,0,0,0,0,149,0,0,147,157,0,167,157,0
32.9280880314414,-117.259855438523,0,148,0,132,0,0,0,0,0,157,0,160,143,0,0,140,141,0,127,136,133,149,137,0,0,157,0,168,157,0
32.9280971546615,-117.259855438523,0,148,136,0,0,0,151,150,0,157,0,161,0,154,133,141,139,151,127,0,0,0,137,0,148,157,150,168,0,147
32.9281057412216,-117.259855438523,146,148,0,133,0,0,152,0,0,157,148,0,0,154,132,140,140,151,127,136,0,148,0,0,146,157,149,167,0,0
32.9281148644416,-117.259855438523,0,0,136,133,0,0,151,0,144,0,148,161,0,0,0,140,140,150,127,0,133,0,0,0,0,0,149,167,0,0
32.9281234510017,-117.259855438523,145,0,0,133,0,0,150,149,0,0,148,0,0,0,0,0,140,0,128,137,133,149,136,141,146,0,149,0,0,0
32.9281325742217,-117.259855438523,145,0,0,133,0,139,0,149,0,0,147,0,0,0,133,0,139,0,0,0,0,149,136,142,146,156,149,0,0,0
32.9281411607818,-117.259855438523,0,149,0,132,0,0,152,150,0,157,147,0,143,153,133,140,139,0,0,136,133,148,138,0,147,157,150,168,0,0
32.9281497473418,-117.259855438523,145,0,136,133,0,0,151,151,144,157,148,160,0,154,132,0,139,151,128,0,0,149,137,142,0,157,150,167,0,0
32.9281588705619,-117.259855438523,145,148,136,133,0,0,152,0,144,0,148,161,0,0,132,140,0,0,128,137,133,0,137,141,147,0,149,0,158,0
32.928167457122,-117.259855438523,146,148,136,133,0,139,151,0,144,158,146,161,0,154,0,140,139,151,128,0,133,0,0,142,147,157,148,168,157,147
32.928176580342,-117.259855438523,146,148,136,0,0,139,0,149,0,157,0,160,143,0,131,140,139,151,127,136,133,148,138,142,148,157,149,168,157,147
32.9281851669021,-117.259855438523,145,148,136,0,0,139,0,0,0,158,148,0,143,154,133,141,0,151,0,136,0,0,0,141,147,0,0,168,157,146
32.9281937534621,-117.259855438523,0,148,0,0,0,0,0,149,0,157,148,160,143,154,133,141,139,151,128,0,0,148,137,0,0,157,149,167,157,146
32.9282028766822,-117.259855438523,145,148,0,0,0,139,152,149,144,157,0,164,144,0,133,0,139,0,129,0,133,149,137,141,147,157,151,168,157,0
32.9282114632423,-117.259855438523,146,0,136,0,0,139,151,149,144,157,148,160,143,153,133,140,139,151,0,138,132,149,137,0,146,156,0,0,157,148
32.9282200498023,-117.259855438523,0,148,137,0,0,139,0,150,145,157,148,160,145,0,0,0,139,151,0,0,0,0,0,0,148,157,150,168,157,147
32.9282291730224,-117.259855438523,146,0,0,133,0,139,0,0,145,157,0,0,0,154,133,140,140,151,128,137,133,148,137,0,146,156,0,168,157,0
32.9282377595824,-117.259855438523,146,149,137,133,0,0,0,150,145,0,0,0,0,153,0,141,139,151,0,0,0,0,136,0,147,157,0,0,0,146
32.9282463461425,-117.259855438523,0,148,137,0,0,0,151,149,144,157,148,0,143,0,0,0,140,151,127,0,0,149,136,142,146,0,0,169,158,146
32.9282549327025,-117.259855438523,145,148,137,0,0,0,0,146,0,157,148,160,144,0,0,0,0,151,128,0,0,0,136,142,0,157,0,167,0,0
32.9282640559226,-117.259855438523,146,148,136,132,0,139,155,0,0,157,147,0,0,0,0,140,139,0,0,136,0,148,137,0,0,157,0,167,0,148
32.9282726424827,-117.259855438523,146,148,0,133,0,138,0,149,0,158,0,0,145,0,133,0,141,0,127,0,0,0,0,142,0,157,149,168,0,146
32.9282817657027,-117.259855438523,146,148,136,133,0,139,152,0,143,157,148,0,0,154,131,142,0,0,0,136,0,149,137,0,0,0,0,168,157,0
32.9282903522628,-117.259855438523,146,0,0,0,0,139,150,150,0,0,0,0,143,154,0,141,0,152,128,136,0,149,0,141,0,156,0,0,157,147
32.9282994754828,-117.259855438523,0,148,0,0,0,0,0,151,144,157,0,0,0,154,0,0,139,151,127,0,0,0,0,142,147,156,0,0,157,147
32.9283080620429,-117.259855438523,145,148,0,133,0,0,0,150,144,157,148,161,0,154,132,141,0,152,128,0,0,148,0,140,146,157,149,168,158,147
32.928316648603,-117.259855438523,146,148,0,0,0,0,156,149,0,0,0,160,0,153,0,140,141,150,128,0,132,0,136,0,0,156,149,168,0,0
32.928325771823,-117.259855438523,145,148,136,0,0,0,151,149,0,158,138,161,0,154,0,0,0,151,0,136,133,149,0,0,0,157,0,0,157,0
32.9283348950431,-117.259855438523,0,148,136,132,0,139,151,0,144,0,148,0,143,152,132,140,139,151,128,0,0,0,136,141,147,0,0,0,157,147
32.9283434816031,-117.259855438523,146,0,137,0,0,139,0,150,144,157,147,160,0,0,132,0,0,151,0,0,133,0,137,142,147,0,149,168,157,148
32.9283526048232,-117.259855438523,145,149,136,0,0,0,0,150,144,157,147,160,0,0,132,141,0,151,0,136,132,0,0,142,0,149,0,168,157,147
32.9283611913832,-117.259855438523,145,148,137,132,0,139,0,151,143,157,147,161,143,0,133,0,139,0,0,0,0,0,0,142,148,0,0,0,157,148
32.9283703146033,-117.259855438523,0,0,136,0,0,0,151,150,143,158,148,162,144,0,133,0,139,0,0,136,0,148,137,142,0,0,149,0,0,0
32.9283789011634,-117.259855438523,0,148,136,0,0,139,151,149,0,157,0,160,143,0,133,0,139,151,0,137,0,0,136,141,148,0,0,167,0,148
32.9283880243834,-117.259855438523,145,148,136,133,0,139,152,149,144,157,0,161,145,154,132,141,140,152,127,137,0,0,137,141,0,157,151,166,157,0
32.9283966109435,-117.259855438523,146,149,0,0,0,139,0,0,143,157,0,161,144,154,133,140,139,150,127,0,0,0,0,142,148,157,0,167,0,0
32.9284051975035,-117.259855438523,0,145,137,0,0,0,151,149,144,157,0,161,143,0,0,141,0,151,128,136,0,0,0,0,0,157,149,168,157,148
32.9284143207236,-117.259855438523,0,0,136,0,0,0,0,150,0,158,0,161,0,0,0,0,141,151,0,0,133,0,136,0,146,157,0,167,0,147
32.9284229072837,-117.259855438523,0,149,0,0,0,0,0,0,0,158,0,161,144,0,133,0,141,152,128,0,133,0,136,140,0,157,0,0,157,147
32.9284314938437,-117.259855438523,141,149,136,0,0,0,0,149,145,157,0,160,0,0,133,142,140,0,0,0,0,149,0,142,0,0,0,168,154,148
32.9284406170638,-117.259855438523,145,149,136,0,0,139,151,150,0,0,0,0,144,153,0,141,139,152,127,0,133,149,137,140,147,157,0,0,157,148
32.9284497402838,-117.259855438523,145,0,136,0,0,139,153,150,0,0,147,158,0,153,0,0,140,151,129,0,0,0,136,141,0,157,149,168,157,147
32.9284583268439,-117.259855438523,0,148,136,132,0,0,152,0,0,157,148,161,144,154,133,142,0,0,0,0,133,0,0,0,148,0,0,168,157,0
32.9284669134039,-117.259855438523,145,148,0,133,0,0,152,150,144,157,0,161,0,0,132,0,0,151,0,0,132,0,136,0,146,157,151,0,157,148
32.928476036624,-117.259855438523,0,148,0,133,0,0,0,150,0,157,148,0,144,0,132,0,139,152,127,137,0,149,0,141,0,157,149,168,157,0
32.9284846231841,-117.259855438523,0,148,0,132,0,0,151,150,144,158,0,160,143,154,0,142,139,0,128,0,132,148,136,141,148,157,0,167,157,146
32.9284937464041,-117.259855438523,146,148,136,132,0,139,152,149,144,157,0,0,145,0,0,141,141,152,129,136,133,148,0,142,148,156,149,168,157,0
32.9285023329642,-117.259855438523,0,0,136,0,0,139,151,0,0,0,0,0,0,0,0,0,141,151,0,0,0,0,0,0,148,156,149,167,0,147
32.9285114561842,-117.259855438523,0,148,0,0,0,0,151,0,0,0,148,161,143,154,132,142,0,0,128,0,133,0,137,142,0,0,0,167,157,147
32.9285200427443,-117.259855438523,0,148,136,133,0,139,0,149,0,0,0,0,143,0,0,141,0,0,128,136,0,0,0,141,147,157,0,168,158,0
32.9285286293044,-117.259855438523,146,148,136,132,0,139,0,0,0,157,147,161,143,158,131,0,140,151,0,136,133,0,0,140,147,0,151,166,157,0
32.9285377525244,-117.259855438523,146,148,0,132,0,139,0,0,144,157,148,0,0,0,133,0,0,0,0,136,0,0,137,142,0,157,150,161,0,148
32.9285463390845,-117.259855438523,146,149,137,132,0,139,151,0,144,157,148,160,0,0,133,141,140,153,128,0,132,0,137,141,0,157,0,0,157,146
32.9285549256445,-117.259855438523,0,0,136,133,0,139,0,151,0,0,0,160,143,154,132,141,0,152,0,0,133,149,136,142,147,156,149,167,0,147
32.9285640488646,-117.259855438523,146,149,136,0,0,0,152,151,145,157,148,161,145,154,0,0,140,151,127,0,0,0,136,142,0,157,150,0,157,0
32.9285731720846,-117.259855438523,0,148,136,132,0,139,0,151,143,157,147,160,143,0,0,140,140,0,0,137,133,0,136,142,147,157,0,168,157,148
32.9285817586447,-117.259855438523,145,148,0,133,0,139,153,0,0,157,148,160,143,154,133,140,139,152,0,138,133,0,0,142,0,0,149,168,157,148
32.9285903452048,-117.259855438523,0,148,136,133,0,139,152,150,0,157,147,161,0,0,0,142,139,0,128,137,133,148,136,0,0,157,0,168,158,147
32.9285989317648,-117.259855438523,146,148,0,0,0,0,0,149,144,157,0,161,0,153,0,0,0,151,127,0,0,149,0,142,148,157,0,168,157,147
32.9286080549849,-117.259855438523,0,0,136,0,0,139,151,0,0,158,0,161,144,154,0,142,0,152,127,137,0,0,138,0,147,0,0,168,0,148
32.9286166415449,-117.259855438523,146,148,136,132,0,138,151,150,144,0,0,160,0,154,133,141,140,152,128,0,133,0,137,0,147,0,150,168,0,147
32.928625228105,-117.259855438523,146,144,137,0,0,139,0,148,0,0,0,159,144,151,0,139,138,150,0,135,130,149,0,0,145,0,149,0,0,0
32.9286343513251,-117.259855438523,146,0,0,132,0,0,0,0,143,157,148,161,145,153,0,140,0,151,0,0,133,148,135,0,147,0,0,167,0,146
32.9286429378851,-117.259855438523,145,148,0,134,0,139,151,0,0,157,148,0,0,0,133,0,138,151,130,0,133,149,0,142,0,0,150,168,157,147
32.9286520611052,-117.259855438523,145,0,136,133,0,139,0,148,0,0,0,0,145,154,132,0,137,150,129,0,133,150,0,141,0,0,0,168,0,0
32.9286606476652,-117.259855438523,0,0,136,0,0,139,150,148,0,157,148,161,0,154,0,0,137,151,128,136,0,149,136,0,146,0,0,0,157,147
32.9286692342253,-117.259855438523,145,148,136,133,0,138,0,148,0,157,147,160,0,0,0,140,0,0,128,136,132,148,0,141,147,0,150,167,157,0
32.9286783574453,-117.259855438523,145,148,136,132,0,138,151,0,143,157,148,161,144,153,0,0,138,150,0,136,0,0,136,140,0,156,149,168,157,146
32.9286869440054,-117.259855438523,145,0,0,0,0,0,150,150,0,157,0,161,0,154,0,0,0,0,0,0,132,0,0,142,0,157,0,0,157,146
32.9286960672255,-117.259855438523,144,148,0,133,0,0,0,0,144,0,148,0,0,152,133,0,0,0,127,137,132,149,136,0,0,157,151,0,0,0
32.9287046537855,-117.259855438523,0,0,136,0,0,139,0,150,0,157,148,161,0,154,133,140,139,0,128,136,131,0,0,142,147,157,0,0,158,0
32.9287132403456,-117.259855438523,0,0,137,133,0,139,0,0,0,157,148,161,0,0,133,0,0,0,0,0,131,149,0,0,0,157,0,0,158,147
32.9287223635656,-117.259855438523,145,148,0,0,0,139,0,149,145,0,147,160,144,159,131,142,0,0,0,137,133,151,137,0,147,157,0,0,0,148
32.9287309501257,-117.259855438523,145,148,0,0,0,0,149,148,144,157,148,161,142,154,0,139,0,146,0,0,0,147,136,142,147,0,155,167,162,147
32.9287395366857,-117.259855438523,144,0,0,0,0,138,150,0,144,157,0,0,142,0,132,139,0,0,0,0,132,146,0,0,0,157,148,0,157,146
32.9287486599058,-117.259855438523,145,148,137,0,0,0,0,0,0,157,0,160,143,0,132,138,138,0,0,136,133,147,134,139,0,157,148,0,157,146
32.9287572464659,-117.259855438523,0,0,137,131,0,0,0,148,144,0,148,165,143,153,132,139,138,0,0,134,0,0,0,139,0,157,0,168,0,0
32.9287658330259,-117.259855438523,143,0,0,132,0,0,0,0,0,158,0,160,143,152,130,138,137,151,0,134,0,0,0,141,147,157,148,168,157,145
32.928774419586,-117.259855438523,144,148,136,131,0,137,148,148,145,157,0,161,143,153,0,0,0,150,128,134,0,151,132,0,0,156,148,168,157,0
32.928783542806,-117.259855438523,0,0,0,132,0,136,148,0,145,157,148,160,0,0,0,138,137,151,0,135,0,146,0,140,147,157,148,167,157,145
32.9287921293661,-117.259855438523,0,148,0,132,0,0,149,147,0,157,0,0,142,151,0,0,136,149,127,0,0,147,131,0,148,157,148,0,157,145
32.9288012525862,-117.259855438523,0,148,138,0,0,137,148,148,145,158,0,0,0,0,132,0,137,151,126,0,130,142,132,141,147,157,148,167,157,0
32.9288098391462,-117.259855438523,144,147,137,131,0,0,149,0,0,158,0,160,143,151,0,136,136,0,0,132,130,147,0,139,0,157,149,0,164,146
32.9288189623663,-117.259855438523,145,148,138,132,0,138,0,148,0,158,148,0,0,0,132,136,0,150,0,0,131,0,132,0,0,0,0,168,158,145
32.9288275489263,-117.259855438523,0,148,136,132,0,137,0,148,144,157,146,160,143,152,131,136,136,151,126,132,131,0,131,0,0,157,0,168,157,146
32.9288366721464,-117.259855438523,145,148,0,0,0,138,0,148,0,158,0,160,0,0,133,0,136,0,0,132,130,0,0,141,0,157,0,168,158,146
32.9288452587064,-117.259855438523,144,147,138,0,0,137,0,0,145,0,0,160,143,152,132,0,136,0,126,0,0,146,0,139,0,157,148,167,0,146
32.9288543819265,-117.259855438523,144,0,0,131,0,136,149,148,0,0,148,0,143,0,133,136,136,0,125,0,130,0,0,141,148,157,0,0,0,145
32.9288629684866,-117.259855438523,144,148,138,132,0,0,0,148,0,0,0,0,143,0,0,136,136,148,0,132,130,147,0,140,0,0,148,0,157,145
32.9288715550466,-117.259855438523,144,148,0,131,0,136,0,148,0,0,147,161,142,0,131,0,136,151,125,0,0,146,0,140,0,157,148,0,157,145
32.9288806782667,-117.259855438523,144,147,136,131,0,137,148,0,0,157,0,161,0,151,133,0,137,151,0,133,130,146,132,137,0,157,148,167,0,146
32.9288892648267,-117.259855438523,0,148,0,131,0,0,150,0,144,157,147,160,143,151,133,0,0,0,0,0,0,155,131,0,0,157,149,169,157,0
32.9288978513868,-117.259855438523,144,0,136,0,0,137,0,0,145,157,148,160,144,152,131,0,136,150,126,0,129,147,130,0,147,157,0,0,157,0
32.9289069746069,-117.259855438523,0,148,136,132,0,137,149,0,145,157,0,0,143,152,132,137,137,150,0,0,133,147,133,139,148,0,148,168,158,0
32.9289155611669,-117.259855438523,0,148,136,131,0,0,149,0,145,0,0,160,143,0,132,0,0,0,127,0,0,0,0,140,147,157,0,157,0,0
32.928924147727,-117.259855438523,0,0,136,132,0,137,150,148,143,0,148,0,0,151,132,139,0,0,127,0,0,146,133,141,147,157,0,167,157,145
32.928932197627,-117.259855438523,144,148,137,131,0,137,148,148,0,0,0,161,143,153,132,139,137,0,127,133,0,146,133,139,146,156,0,167,0,0
32.9289407841871,-117.259855438523,144,148,0,0,0,138,148,0,145,0,148,160,143,0,131,0,136,0,128,133,132,147,0,140,146,0,149,167,0,146
32.9289499074071,-117.259855438523,144,148,0,0,0,136,148,0,145,157,148,0,143,0,0,137,137,0,0,0,132,147,0,141,0,157,0,0,157,146
32.9289584939672,-117.259855438523,145,148,0,132,0,138,0,148,144,0,148,160,144,152,131,0,137,150,128,0,132,0,133,141,147,0,149,167,157,146
32.9289670805273,-117.259855438523,144,148,137,132,0,0,0,148,0,157,148,0,144,153,0,0,136,0,127,134,132,0,133,140,0,157,0,167,0,146
32.9289762037473,-117.259855438523,0,148,138,0,0,136,148,0,0,0,148,161,143,153,0,138,0,149,128,0,132,0,0,0,0,0,148,168,0,146
32.9289847903074,-117.259855438523,144,147,138,131,0,136,150,148,144,0,0,160,143,152,0,0,0,0,0,0,132,0,0,139,147,0,149,168,157,146
32.9289933768674,-117.259855438523,143,147,137,130,0,137,150,0,0,0,0,160,143,0,0,138,0,151,127,133,0,0,133,140,0,0,0,167,157,145
32.9290025000875,-117.259855438523,0,0,138,0,0,0,149,0,0,157,147,0,144,0,0,137,136,151,0,0,0,0,133,139,0,0,150,168,157,146
32.9290110866475,-117.259855438523,0,0,138,132,0,0,149,148,0,0,0,160,143,151,132,0,136,148,0,133,0,0,132,140,147,0,149,167,0,145
32.9290202098676,-117.259855438523,143,0,137,131,0,137,0,0,0,158,0,0,0,0,0,0,0,150,0,0,0,0,132,0,0,0,0,167,0,146
32.9290287964277,-117.259855438523,144,148,138,132,0,136,148,148,145,158,0,0,143,0,0,0,0,150,127,133,0,0,131,139,0,157,0,167,157,146
32.9290379196477,-117.259855438523,144,0,0,132,0,0,149,148,145,160,148,158,0,0,0,0,136,149,0,133,131,0,133,139,146,157,149,0,157,146
32.9290465062078,-117.259855438523,0,0,137,131,0,137,0,0,144,157,148,159,143,151,0,0,0,150,0,133,0,146,0,0,147,157,150,167,157,0
32.9290550927678,-117.259855438523,144,0,138,0,0,0,150,148,144,157,0,160,0,0,131,0,0,149,0,0,0,0,132,0,0,160,150,0,0,145
32.9290642159879,-117.259855438523,0,147,0,0,0,136,0,148,144,157,148,0,153,152,0,0,0,0,0,132,0,146,131,140,146,157,0,0,157,146
32.9290728025479,-117.259855438523,0,147,137,131,0,136,0,148,0,158,0,159,142,0,0,0,0,150,0,133,0,147,131,0,147,0,148,0,0,0
32.929081389108,-117.259855438523,142,147,138,0,0,0,150,147,143,157,0,0,143,151,132,0,0,149,127,133,0,146,0,0,147,157,149,168,158,145
32.9290905123281,-117.259855438523,144,0,138,0,0,136,149,148,145,0,147,160,144,151,0,138,136,0,0,133,131,0,132,139,0,0,0,167,0,145
32.9290990988881,-117.259855438523,144,148,0,0,0,0,149,0,144,157,148,0,0,0,0,137,0,149,0,133,130,147,0,139,0,0,148,167,157,145
32.9291076854482,-117.259855438523,0,148,138,0,0,137,148,0,0,158,148,160,142,151,0,136,0,0,0,133,0,147,133,141,146,157,0,0,157,145
32.9291168086682,-117.259855438523,142,148,0,130,0,137,149,0,145,0,148,159,143,0,131,136,136,150,0,0,131,0,131,140,147,0,148,0,157,145
32.9291253952283,-117.259855438523,144,148,0,0,0,136,0,0,144,0,0,0,0,0,0,0,0,148,0,0,131,145,133,139,0,157,0,0,157,145
32.9291345184484,-117.259855438523,144,148,0,0,0,0,149,147,144,157,148,160,135,0,0,138,0,150,127,0,132,0,133,0,0,157,0,168,157,0
32.9291425683484,-117.259855438523,0,147,137,0,0,136,148,148,0,157,148,160,143,152,132,0,137,0,127,0,0,147,131,139,147,157,149,167,0,145
32.9291516915685,-117.259855438523,0,0,137,131,0,138,148,148,143,157,0,161,143,152,132,0,136,149,128,134,132,146,133,0,148,0,149,168,0,145
32.9291602781285,-117.259855438523,144,0,138,131,0,0,148,0,145,0,148,160,142,0,132,138,136,150,127,133,132,147,0,141,146,157,148,168,157,145
32.9291688646886,-117.259855438523,0,148,0,131,0,137,0,0,144,157,0,160,144,152,132,0,136,151,0,133,132,148,133,139,0,157,149,168,157,146
32.9291779879086,-117.259855438523,144,0,0,132,0,0,0,148,0,0,151,0,0,0,0,0,136,151,0,134,132,147,0,0,148,156,150,168,157,146
32.9291865744687,-117.259855438523,0,148,136,131,0,137,150,148,144,158,148,161,143,152,0,0,138,150,127,0,132,146,133,0,0,157,0,0,157,146
32.9291951610288,-117.259855438523,143,148,137,132,0,0,150,148,145,158,148,161,143,152,130,0,0,149,128,133,0,0,132,140,0,0,149,0,157,146
32.9292042842488,-117.259855438523,145,0,137,131,0,137,0,0,145,157,147,160,143,0,0,139,0,151,0,134,132,146,133,141,147,157,0,168,158,146
32.9292134074689,-117.259855438523,144,148,137,0,0,138,149,0,0,0,147,0,0,152,0,0,136,151,128,134,0,0,132,0,0,0,0,0,157,0
32.9292219940289,-117.259855438523,144,148,137,131,0,136,151,148,149,154,0,161,0,151,0,0,0,151,127,134,132,148,0,139,0,157,0,167,157,0
32.929230580589,-117.259855438523,144,0,0,132,0,137,149,148,144,158,148,160,0,153,132,138,136,150,0,133,132,146,133,139,147,157,149,168,157,145
32.929239167149,-117.259855438523,0,147,0,0,0,0,149,148,0,158,148,157,143,0,133,0,0,0,127,0,132,0,133,0,0,157,0,0,0,145
32.9292482903691,-117.259855438523,0,147,137,131,0,138,0,0,0,157,147,0,144,153,0,138,136,151,127,0,132,0,133,0,147,0,0,167,0,145
32.9292568769292,-117.259855438523,145,148,0,0,0,137,148,0,145,157,0,160,143,0,0,138,137,150,127,0,131,148,133,139,147,157,149,167,157,146
32.9292654634892,-117.259855438523,0,148,0,131,0,138,150,155,0,0,0,160,0,0,0,138,137,150,0,0,0,0,0,0,147,156,150,168,0,0
32.9292745867093,-117.259855438523,0,148,137,131,0,138,150,148,0,157,0,160,143,153,132,138,137,151,127,133,133,0,133,141,146,157,149,0,0,146
32.9292837099293,-117.259855438523,0,148,136,132,0,137,0,148,144,0,148,161,143,153,0,0,136,150,0,133,132,147,0,0,148,160,150,167,0,146
32.9292922964894,-117.259855438523,145,0,137,0,0,137,149,148,0,157,0,0,0,0,0,0,136,151,0,133,0,148,133,139,0,0,0,167,154,0
32.9293014197095,-117.259855438523,0,148,138,131,0,137,0,0,0,157,0,0,0,152,0,139,0,0,0,0,132,147,0,0,147,0,0,168,0,145
32.9293100062695,-117.259855438523,0,148,138,132,0,0,149,0,0,0,0,161,0,153,132,138,138,0,127,0,0,146,133,0,0,157,0,0,157,145
32.9293191294896,-117.259855438523,144,147,0,131,0,137,0,0,144,0,0,0,143,152,132,138,0,149,128,0,131,0,0,139,146,156,0,168,158,146
32.9293277160496,-117.259855438523,144,0,137,0,0,138,148,148,144,0,0,161,144,0,132,139,0,149,0,0,0,148,133,140,148,157,0,0,157,145
32.9293363026097,-117.259855438523,145,0,137,131,0,0,149,0,144,158,0,160,144,151,0,0,137,151,128,0,132,142,133,140,147,157,0,168,157,146
32.9293454258298,-117.259855438523,0,0,137,0,0,0,0,0,0,157,0,0,144,153,0,137,137,0,0,134,132,148,0,141,148,0,0,167,0,146
32.9293540123898,-117.259855438523,144,148,0,132,0,0,150,0,145,0,0,160,0,152,132,0,137,0,127,133,0,0,132,141,147,0,0,0,0,0
32.9293625989499,-117.259855438523,144,0,137,131,0,0,0,0,145,157,0,159,0,151,0,139,0,0,0,133,0,147,133,140,0,0,0,167,157,0
32.9293711855099,-117.259855438523,0,0,0,0,0,0,149,0,145,157,148,161,0,151,132,0,137,0,0,133,133,148,0,140,0,157,149,167,158,0
32.92938030873,-117.259855438523,145,0,0,131,0,137,150,0,0,157,0,160,0,0,0,138,136,149,127,0,0,147,0,0,146,0,0,0,0,145
32.92938889529,-117.259855438523,0,148,137,131,0,0,150,0,145,0,148,160,0,0,0,0,0,149,127,134,0,147,0,139,0,157,149,169,157,0
32.9293974818501,-117.259855438523,0,148,137,131,0,0,150,148,0,157,148,160,0,152,132,137,0,151,127,0,0,147,133,141,146,157,0,167,0,146
32.9294066050702,-117.259855438523,144,147,137,131,0,136,0,0,0,157,148,160,0,0,0,139,137,0,0,0,132,0,0,139,147,157,0,0,0,145
32.9294151916302,-117.259855438523,0,148,137,0,0,138,149,0,0,157,0,160,0,0,0,138,0,0,127,134,132,0,0,140,0,157,0,168,0,0
32.9294168016102,-117.259855438523,0,148,137,0,0,0,0,148,0,157,148,164,0,0,133,0,0,0,127,0,132,0,0,141,0,157,149,167,0,146
32.9294248515103,-117.259855438523,145,0,137,131,0,136,148,148,144,0,0,160,144,0,132,0,138,151,0,133,0,148,133,0,147,0,0,0,0,0
32.9294334380703,-117.259855438523,0,148,137,0,0,137,150,0,0,157,148,161,0,153,132,0,136,150,127,0,133,0,0,139,148,157,148,0,0,146
32.9294425612904,-117.259855438523,144,0,0,0,0,0,150,148,144,0,0,160,143,152,0,0,138,0,0,133,0,147,0,139,0,157,0,0,0,146
32.9294511478505,-117.259855438523,145,148,137,131,0,0,149,148,144,158,0,161,143,152,132,138,0,149,0,134,131,148,132,140,147,156,148,167,157,0
32.9294597344105,-117.259855438523,144,0,0,132,0,137,149,0,0,157,0,0,0,152,132,0,136,150,127,133,131,0,0,0,147,157,148,0,145,145
32.9294688576306,-117.259855438523,144,0,136,131,0,0,148,147,0,0,0,160,0,152,0,0,136,151,0,0,0,0,132,0,148,0,0,0,157,0
32.9294774441906,-117.259855438523,143,148,0,0,0,136,0,147,144,157,147,0,143,0,0,137,136,0,0,133,0,146,0,139,0,0,0,168,0,0
32.9294860307507,-117.259855438523,144,0,137,0,0,136,149,148,0,157,148,0,143,0,132,0,0,151,128,133,131,0,131,139,147,0,148,0,157,145
32.9294951539707,-117.259855438523,144,148,137,0,0,0,0,147,0,157,148,0,144,0,0,0,0,149,129,133,0,147,131,140,147,0,0,167,157,145
32.9295037405308,-117.259855438523,144,148,138,131,0,136,149,148,0,0,148,0,143,152,132,137,0,148,128,133,131,147,132,140,0,157,149,0,157,145
32.9295123270909,-117.259855438523,143,148,0,0,0,0,148,148,144,157,148,160,144,0,0,0,136,149,129,0,131,147,0,0,147,157,0,167,157,145
32.9295214503109,-117.259855438523,144,148,138,0,0,136,148,0,0,0,0,161,0,0,132,137,135,0,0,133,0,147,132,0,0,157,148,167,0,145
32.929530036871,-117.259855438523,0,148,137,130,0,0,0,0,0,157,148,160,0,151,0,0,136,150,0,133,130,0,133,0,147,0,149,167,157,145
32.929539160091,-117.259855438523,144,0,0,131,0,0,0,147,0,158,0,0,142,0,0,0,136,149,129,133,132,0,132,139,0,157,148,0,157,0
32.9295477466511,-117.259855438523,144,0,138,130,0,136,0,147,0,0,146,161,0,151,132,138,0,0,0,132,0,0,131,0,148,157,0,167,0,145
32.9295568698711,-117.259855438523,144,147,0,0,0,0,148,0,145,157,143,160,143,151,132,136,0,0,0,133,0,0,0,139,146,0,148,0,157,145
32.9295654564312,-117.259855438523,143,0,0,0,0,0,149,0,145,0,0,0,0,152,132,138,0,150,0,133,0,0,133,0,150,0,148,0,157,145
32.9295745796513,-117.259855438523,144,148,0,0,0,0,148,0,0,0,0,0,143,0,132,137,136,149,127,0,131,0,0,139,0,0,148,168,157,0
32.9295831662113,-117.259855438523,0,0,138,131,0,0,0,0,145,157,0,160,0,0,0,0,136,149,0,0,131,146,0,0,146,157,148,0,157,145
32.9295917527714,-117.259855438523,0,148,136,130,0,0,0,0,145,0,144,0,143,0,0,0,0,0,0,133,131,0,0,139,147,156,148,167,0,145
32.9296008759914,-117.259855438523,0,0,138,130,0,136,149,147,0,157,148,161,143,152,132,137,0,148,127,0,130,147,133,139,147,156,148,168,0,145
32.9296094625515,-117.259855438523,142,148,138,0,0,137,148,147,0,0,147,161,142,154,132,137,0,149,0,0,131,147,0,140,0,157,149,168,0,145
32.9296180491116,-117.259855438523,0,148,138,0,0,0,148,0,0,157,147,0,143,0,131,136,136,150,0,0,0,147,132,139,147,157,0,168,157,145
32.9296271723316,-117.259855438523,144,148,138,130,0,136,0,148,145,157,0,160,143,152,132,137,0,0,128,133,131,146,0,139,148,157,148,168,157,145
32.9296357588917,-117.259855438523,144,148,138,0,0,0,148,0,145,158,0,0,143,0,132,136,0,148,128,133,131,0,131,139,146,157,148,168,157,0
32.9296448821117,-117.259855438523,144,148,136,131,0,0,0,148,145,157,0,0,143,152,0,0,136,0,0,133,132,147,0,141,0,157,0,168,158,0
32.9296534686718,-117.259855438523,0,148,0,131,0,137,148,147,144,158,0,0,144,151,0,139,136,0,0,0,0,0,0,139,147,157,148,167,158,0
32.9296620552318,-117.259855438523,0,148,0,132,0,0,149,147,0,157,148,0,0,0,132,137,0,0,128,133,0,147,131,140,147,0,149,0,0,145
32.9296711784519,-117.259855438523,0,148,0,132,0,0,0,0,0,0,148,0,0,152,132,137,0,149,0,133,131,0,131,140,147,157,149,0,0,146
32.929679765012,-117.259855438523,0,148,0,0,0,137,0,0,0,0,148,165,0,152,0,0,136,149,0,133,0,0,0,140,147,157,152,0,0,0
32.929688888232,-117.259855438523,144,0,0,0,0,0,149,0,0,158,148,161,143,0,132,137,136,150,0,0,0,147,0,138,147,157,151,0,158,146
32.9296974747921,-117.259855438523,0,0,0,132,0,0,149,0,0,157,0,160,143,0,0,0,0,149,0,0,132,147,0,0,147,157,149,168,157,146
32.9297065980121,-117.259855438523,0,148,138,132,0,136,148,147,145,0,148,161,143,153,132,137,136,149,127,133,132,146,0,141,0,157,149,168,158,145
32.9297151845722,-117.259855438523,144,148,0,0,0,136,149,147,144,158,148,160,144,151,0,0,0,0,127,133,131,147,131,139,147,157,0,162,0,145
32.9297243077923,-117.259855438523,0,0,0,132,0,136,149,0,0,157,0,0,0,152,0,137,136,0,129,0,0,0,131,139,0,157,149,167,157,145
32.9297334310123,-117.259855438523,0,148,0,0,0,0,0,148,144,157,147,160,142,152,0,0,136,150,0,133,0,146,0,0,0,157,0,168,157,0
32.9297409442524,-117.259855438523,143,148,0,130,0,136,150,0,0,157,148,160,0,0,131,138,136,0,0,133,132,148,0,140,147,157,0,167,0,145
32.9279812361007,-117.259855438523,0,0,0,0,0,0,0,0,0,0,0,0,0,0,0,0,0,0,0,0,0,0,0,0,0,0,0,0,0,0
32.9279812361007,-117.259855438523,144,0,0,132,0,0,0,148,0,164,0,0,143,154,0,0,136,0,128,133,0,0,0,0,147,0,145,0,0,0
32.9279844560608,-117.259855438523,0,0,138,0,0,138,148,0,145,157,0,0,143,153,0,0,136,151,0,133,132,148,0,0,147,157,0,0,157,0
32.9279935792808,-117.259855438523,0,148,137,132,0,138,0,148,0,0,0,161,144,152,131,0,136,150,129,133,132,154,0,139,147,156,148,167,0,0
32.9279973359008,-117.259855438523,0,148,136,132,0,0,150,0,145,157,148,0,0,0,132,138,0,0,0,0,132,0,133,0,0,157,0,0,157,0
32.9279812361007,-117.259855438523,0,0,0,0,0,0,0,0,0,0,0,0,0,0,0,0,0,0,0,0,0,0,0,0,0,0,0,0,0,0
32.9279812361007,-117.259855438523,0,148,137,132,0,137,0,0,0,0,0,161,145,0,132,139,136,151,0,0,0,148,0,142,148,0,149,0,0,0
32.9279828460807,-117.259855438523,144,148,0,132,0,137,0,148,0,157,148,160,0,152,0,0,136,0,127,0,132,148,0,142,0,156,149,0,154,146
32.9279919693008,-117.259855438523,0,149,138,132,0,137,149,148,0,158,148,160,143,152,132,0,0,0,128,134,131,0,0,0,147,157,149,167,157,0
32.9279812361007,-117.259855438523,0,0,0,0,0,0,0,0,0,0,0,0,0,0,0,0,0,0,0,0,0,0,0,0,0,0,0,0,0,0
32.9279839194008,-117.259855438523,0,0,137,0,0,0,149,148,145,0,0,160,0,0,0,0,0,0,0,0,132,0,132,141,146,157,0,0,157,146
32.9279930426208,-117.259855438523,0,148,136,0,0,0,149,148,145,157,0,0,0,0,0,138,0,150,127,133,133,0,0,0,0,157,0,168,0,0
32.9280021658409,-117.259855438523,0,148,137,132,0,0,148,0,0,158,147,161,143,153,0,139,138,151,0,134,0,148,0,0,148,156,149,169,0,0
32.9280102157409,-117.259855438523,145,148,137,131,0,138,150,0,145,157,0,160,144,0,132,0,0,151,129,133,0,147,133,0,0,0,0,167,157,0
32.928018802301,-117.259855438523,145,148,137,132,0,0,151,148,145,0,148,160,144,153,132,138,137,0,0,134,132,148,0,141,0,156,0,0,158,0
32.928027388861,-117.259855438523,143,143,137,0,0,137,0,148,144,158,147,160,144,153,131,0,138,149,128,0,0,148,133,141,148,0,148,167,157,146
32.9280359754211,-117.259855438523,144,148,137,131,0,137,0,148,145,157,148,160,0,153,131,138,137,150,0,134,0,148,133,140,0,0,149,167,158,0
32.9280450986412,-117.259855438523,145,0,0,132,0,138,148,0,144,157,0,0,143,0,132,0,0,0,128,0,0,148,0,139,147,157,150,167,157,146
32.9280536852012,-117.259855438523,0,148,0,132,0,137,0,148,0,0,0,157,0,0,132,138,136,0,0,0,133,0,133,140,147,156,0,0,157,0
32.9280622717613,-117.259855438523,0,0,137,0,0,136,0,0,0,158,148,0,0,0,0,0,136,0,0,0,133,147,0,0,147,157,149,0,157,146
32.9280713949813,-117.259855438523,0,0,0,132,0,136,150,0,0,0,0,160,0,152,132,0,0,0,128,133,133,0,132,140,147,0,149,0,157,146
32.9280799815414,-117.259855438523,0,0,138,131,0,138,0,148,0,0,0,160,143,153,131,0,0,151,129,0,132,0,0,0,0,157,148,168,157,145
32.9280885681014,-117.259855438523,145,148,137,132,0,137,0,0,144,157,0,157,143,151,131,0,138,142,128,0,0,148,0,140,146,157,149,167,157,0
32.9280971546615,-117.259855438523,144,0,0,0,0,137,150,0,0,157,148,160,0,153,132,139,0,151,0,133,0,147,0,140,147,157,148,0,157,146
32.9281057412216,-117.259855438523,145,0,138,132,0,136,149,148,0,157,0,161,143,153,132,0,0,0,0,134,133,147,132,0,146,157,0,0,0,0
32.9281148644416,-117.259855438523,145,147,0,130,0,0,149,0,144,157,0,160,0,0,132,0,0,0,128,133,0,146,133,139,0,0,0,167,157,0
32.9281234510017,-117.259855438523,0,0,136,0,0,0,0,0,144,158,0,161,143,0,131,137,0,0,0,0,132,0,133,0,146,151,0,167,157,0
32.9281320375617,-117.259855438523,145,0,0,0,0,0,149,0,0,157,0,161,143,152,0,139,137,150,129,134,131,148,134,141,0,157,0,167,0,146
32.9281406241218,-117.259855438523,0,0,0,132,0,137,149,0,0,157,0,160,0,152,133,139,136,0,129,133,132,0,133,140,147,0,0,167,0,0
NEWFILE
32.9279812361007,-117.259855438523,0,0,0,0,0,0,0,0,0,0,0,0,0,0,0,0,0,0,0,0,0,0,0,0,0,0,0,0,0,0
32.9279844560608,-117.259855438523,144,148,0,132,0,136,0,148,144,0,149,161,144,0,0,0,136,0,130,135,0,0,133,141,0,0,150,0,0,146
32.9279935792808,-117.259855438523,144,149,138,0,0,138,149,148,0,0,149,161,0,0,0,0,0,149,130,135,0,0,133,0,0,0,150,168,158,146
32.9280027025009,-117.259855438523,0,148,136,0,0,137,150,0,144,0,148,0,0,153,0,0,0,151,0,0,0,0,133,140,0,0,149,0,158,0
32.9280123623809,-117.259855438523,144,149,138,132,0,138,148,0,145,157,148,161,0,152,130,139,136,0,130,134,0,148,0,0,147,0,150,168,157,0
32.928021485601,-117.259855438523,144,0,0,0,0,136,0,148,145,157,0,0,144,153,0,0,136,151,0,134,0,0,132,140,147,156,0,168,158,145
32.9280467086212,-117.259855438523,144,149,137,132,0,137,148,148,145,157,150,161,144,152,132,139,136,151,130,134,133,148,133,140,148,159,151,169,158,146
32.9280467086212,-117.259855438523,0,0,0,0,0,0,0,0,0,0,0,0,0,0,0,0,0,0,0,0,0,0,0,0,0,0,0,0,0,0
32.9280467086212,-117.259855438523,0,0,0,0,0,0,0,0,0,0,0,0,0,0,0,0,0,0,0,0,0,0,0,0,0,0,0,0,0,0
32.9280467086212,-117.259855438523,143,148,138,131,0,136,0,148,144,157,148,160,144,152,132,139,135,149,130,134,131,147,132,0,148,157,150,168,158,145
32.9280467086212,-117.259855438523,142,154,0,131,0,0,0,147,144,158,148,161,145,152,132,139,136,151,0,134,131,148,133,141,0,157,150,168,158,145
32.9280467086212,-117.259855438523,0,0,137,0,0,0,150,0,145,158,149,0,0,0,0,0,0,0,0,0,0,0,0,0,147,157,0,0,0,0
32.9280467086212,-117.259855438523,0,0,0,0,0,0,0,0,0,0,0,0,0,0,0,0,135,149,0,0,0,0,0,0,0,0,0,0,0,146
32.9280467086212,-117.259855438523,0,0,0,0,0,0,0,0,0,0,0,0,0,0,0,0,0,0,130,0,132,0,0,0,0,0,0,0,0,0
32.9280467086212,-117.259855438523,0,0,0,0,0,0,0,0,0,0,0,0,0,0,0,0,0,0,0,0,0,0,0,0,0,0,0,0,0,0
32.9280467086212,-117.259855438523,0,0,0,132,0,137,149,148,0,0,0,161,0,0,130,139,0,150,0,133,131,148,132,141,0,157,150,169,157,146
32.9280467086212,-117.259855438523,0,149,137,0,0,138,0,147,0,158,0,160,0,0,130,139,0,151,0,0,131,0,0,0,0,0,149,0,157,146
32.9280467086212,-117.259855438523,144,149,138,0,0,137,0,148,0,0,148,0,0,0,131,139,136,0,130,134,0,148,0,0,148,157,0,0,157,0
32.9280467086212,-117.259855438523,0,148,0,0,0,137,0,148,145,0,0,161,144,151,132,139,136,150,129,0,131,154,0,140,0,157,150,0,0,0
32.9280467086212,-117.259855438523,0,148,0,0,0,0,148,148,145,0,149,161,0,153,0,139,0,0,130,0,0,147,0,0,0,0,151,169,158,0
32.9280467086212,-117.259855438523,0,0,0,0,0,0,149,0,145,0,148,161,144,0,0,139,0,149,0,133,131,148,0,0,0,157,150,169,0,146
32.9280467086212,-117.259855438523,142,149,137,132,0,137,149,148,145,158,148,160,144,152,132,139,136,149,130,134,132,148,132,142,146,157,150,169,157,146
32.9280467086212,-117.259855438523,0,148,0,132,0,0,149,147,145,157,149,161,144,151,131,140,136,150,130,135,0,147,133,142,147,157,0,168,0,0
32.9280467086212,-117.259855438523,144,148,138,0,0,0,150,148,145,158,149,161,144,0,0,139,136,0,130,133,132,0,132,142,148,157,0,168,158,146
32.9280467086212,-117.259855438523,0,0,0,0,0,137,0,148,145,157,0,161,144,153,132,139,136,150,130,133,132,148,0,0,147,157,150,0,159,146
32.9280467086212,-117.259855438523,144,0,0,0,0,0,150,0,145,158,148,0,0,152,131,139,136,151,0,133,0,148,0,0,148,157,150,170,158,146
32.9280467086212,-117.259855438523,144,148,138,132,0,137,148,148,145,158,148,163,144,153,132,139,136,149,130,133,133,148,132,142,148,156,150,168,157,146
32.9280467086212,-117.259855438523,143,148,138,132,0,137,148,148,144,157,148,154,143,153,132,138,136,150,130,134,131,148,133,140,147,157,150,168,158,145
32.9280467086212,-117.259855438523,144,148,136,131,0,0,149,0,145,158,148,161,0,152,132,139,136,150,0,133,132,147,132,139,146,157,150,168,157,0
32.9280467086212,-117.259855438523,143,148,0,0,0,137,0,148,0,0,148,0,144,151,0,138,135,149,130,133,0,0,133,139,146,157,0,0,157,146
32.9280467086212,-117.259855438523,144,149,138,131,0,136,149,148,0,157,148,160,144,153,131,139,136,149,130,133,132,148,133,141,147,157,150,168,158,146
32.9280467086212,-117.259855438523,144,148,137,131,0,137,148,147,145,157,148,162,144,153,132,139,135,150,130,133,132,147,132,140,148,157,150,168,157,146
32.9280467086212,-117.259855438523,0,0,0,0,0,0,0,0,0,0,0,0,0,0,0,0,0,0,0,0,0,0,0,0,0,0,0,0,0,0
32.9280467086212,-117.259855438523,0,148,0,133,0,0,0,148,143,0,0,161,143,151,0,139,136,0,0,133,0,147,132,142,147,0,0,0,157,145
32.9280467086212,-117.259855438523,0,0,136,132,0,137,149,148,143,158,148,0,144,153,0,0,0,151,130,133,0,147,0,141,146,157,150,167,0,145
32.9280467086212,-117.259855438523,143,148,0,132,0,0,149,0,144,158,0,161,144,0,0,139,0,150,0,0,0,147,0,139,146,0,0,168,157,0
32.9280467086212,-117.259855438523,0,0,138,0,0,137,148,0,144,158,0,0,144,0,132,0,136,0,129,133,132,0,0,140,146,156,0,0,158,0
32.9279812361007,-117.259855438523,0,0,0,0,0,0,0,0,0,0,0,0,0,0,0,0,0,0,0,0,0,0,0,0,0,0,0,0,0,0
32.9279844560608,-117.259855438523,0,148,0,132,0,0,0,0,0,0,148,0,0,0,0,0,0,0,0,0,133,0,134,0,0,0,150,168,0,0
32.9279935792808,-117.259855438523,0,149,137,132,0,0,0,148,145,158,149,158,0,0,0,0,137,150,129,135,0,148,133,0,0,157,149,168,0,145
32.9280021658409,-117.259855438523,145,0,0,0,0,137,149,0,145,157,147,161,0,0,132,134,0,0,0,0,0,0,0,142,0,156,0,169,0,0
32.9280112890609,-117.259855438523,145,0,138,0,0,0,0,0,0,157,148,0,0,154,131,0,136,0,129,134,0,0,0,0,148,0,0,0,0,146
32.928020412281,-117.259855438523,144,149,137,132,0,0,150,0,145,158,149,162,0,0,132,139,137,150,129,134,133,148,133,139,148,0,149,169,0,0
32.9279812361007,-117.259855438523,0,0,0,0,0,0,0,0,0,0,0,0,0,0,0,0,0,0,0,0,0,0,0,0,0,0,0,0,0,0
32.9279844560608,-117.259855438523,145,149,0,0,0,0,0,148,144,158,0,0,0,152,0,0,0,150,0,133,0,0,131,0,0,157,0,168,0,0
32.9279935792808,-117.259855438523,144,0,0,0,0,137,149,148,0,158,152,0,0,0,0,0,0,151,128,133,131,148,131,0,0,157,150,169,158,146
32.9280021658409,-117.259855438523,143,148,0,0,0,0,0,0,0,0,147,0,0,153,133,138,136,0,127,133,0,0,133,142,148,0,149,168,0,0
32.9280112890609,-117.259855438523,144,148,137,132,0,138,148,0,144,158,148,160,144,152,132,137,135,0,127,133,132,148,0,140,148,0,150,0,158,146
32.928020412281,-117.259855438523,143,148,138,0,0,0,0,147,0,157,148,0,0,151,0,0,136,150,0,134,0,147,133,0,146,0,0,0,158,146
32.9280289988411,-117.259855438523,0,148,137,132,0,0,149,0,144,0,147,161,145,0,132,139,135,150,127,0,0,147,0,0,147,157,0,168,158,145
32.9280381220611,-117.259855438523,0,149,138,132,0,138,0,148,145,158,148,161,143,0,133,138,136,151,127,133,131,0,0,141,0,157,151,169,158,0
32.9280467086212,-117.259855438523,144,154,138,0,0,0,150,148,145,158,148,0,144,153,0,139,0,0,0,133,0,148,133,0,147,157,150,169,0,147
32.9280552951812,-117.259855438523,144,0,138,0,0,138,0,0,145,158,0,162,0,154,133,0,136,150,127,133,131,0,131,0,0,157,0,168,158,146
32.9279812361007,-117.259855438523,0,0,0,0,0,0,0,0,0,0,0,0,0,0,0,0,0,0,0,0,0,0,0,0,0,0,0,0,0,0
32.9279812361007,-117.259855438523,145,0,0,133,0,0,0,0,0,0,148,0,0,0,0,0,0,0,128,136,0,0,0,0,147,0,0,0,0,0
32.9279823094207,-117.259855438523,145,149,0,133,0,138,151,148,144,158,147,160,144,0,0,141,137,151,128,136,132,148,0,141,147,157,149,169,157,146
32.9279871393608,-117.259855438523,0,148,0,133,0,138,151,0,144,158,0,161,0,0,133,0,137,150,0,0,131,148,0,141,0,0,149,0,0,147
32.9279962625808,-117.259855438523,145,149,0,0,0,0,0,0,144,157,0,0,144,0,131,139,0,150,127,136,133,0,0,0,0,0,0,168,0,0
32.9279984092208,-117.259855438523,145,148,0,132,0,0,151,148,0,158,148,161,144,0,0,0,137,151,128,0,133,0,0,142,147,156,0,169,158,147
32.9280032391609,-117.259855438523,0,149,137,0,0,139,0,155,0,0,0,162,143,152,0,140,138,0,128,0,0,147,136,0,0,157,149,165,158,147
32.9280118257209,-117.259855438523,145,149,136,133,0,137,151,148,145,158,148,0,144,152,133,139,0,0,0,136,132,0,0,0,147,157,149,0,157,147
32.928020948941,-117.259855438523,144,0,136,0,0,139,150,0,0,157,0,161,144,0,0,0,0,0,0,135,0,0,0,0,147,157,150,168,158,0
32.9280381220611,-117.259855438523,0,150,0,132,0,139,151,0,145,157,148,160,144,153,0,0,138,151,129,136,0,0,134,0,147,156,151,168,157,147
32.9280467086212,-117.259855438523,0,148,0,133,0,139,0,149,0,157,0,0,0,0,132,0,138,151,0,0,0,147,0,0,0,0,0,168,158,147
32.9280552951812,-117.259855438523,0,0,136,133,0,0,149,149,0,0,147,162,0,0,132,140,139,0,128,135,132,148,0,142,148,157,151,171,158,147
32.9279812361007,-117.259855438523,0,0,0,0,0,0,0,0,0,0,0,0,0,0,0,0,0,0,0,0,0,0,0,0,0,0,0,0,0,0
32.9279833827407,-117.259855438523,145,0,0,0,0,137,0,0,0,0,0,162,0,0,0,0,0,0,127,136,0,0,0,0,148,157,0,168,157,0
32.9279919693008,-117.259855438523,0,149,0,133,0,0,151,0,144,0,0,162,144,0,132,0,0,0,129,0,132,0,134,141,0,0,0,0,0,147
32.9280000192009,-117.259855438523,145,148,136,133,0,138,151,149,0,158,148,161,144,153,0,139,137,150,0,136,131,0,135,142,0,157,0,169,0,0
32.9280080691009,-117.259855438523,0,0,0,0,0,0,149,149,0,0,0,161,144,0,132,0,138,0,128,136,131,148,135,140,148,157,0,0,158,0
32.928015582341,-117.259855438523,0,148,0,0,0,137,0,0,0,158,0,160,144,153,131,0,0,150,0,135,132,0,0,142,148,0,0,168,158,0
32.928019875621,-117.259855438523,145,149,136,0,0,137,0,0,0,157,148,162,144,0,132,0,138,150,127,0,0,148,0,140,148,157,150,169,0,0
32.928028462181,-117.259855438523,0,151,0,0,0,139,150,148,145,0,148,0,144,153,0,0,0,0,128,0,132,0,0,0,0,157,150,168,158,147
32.9280375854011,-117.259855438523,0,0,0,133,0,138,151,148,0,0,0,0,0,152,132,139,0,151,0,136,0,148,134,0,148,157,0,0,0,147
32.9280461719612,-117.259855438523,0,149,0,133,0,138,151,148,0,158,148,161,0,153,132,0,0,151,0,135,0,146,0,141,0,157,149,168,157,147
32.9280547585212,-117.259855438523,144,149,136,133,0,138,0,149,145,0,147,162,0,153,132,139,0,0,0,0,132,148,0,142,0,157,151,168,158,0
32.9280633450813,-117.259855438523,0,149,0,0,0,139,149,148,0,158,148,0,0,154,0,0,0,150,0,136,0,148,135,0,148,0,0,0,158,145
32.9280724683013,-117.259855438523,144,148,136,133,0,0,0,0,0,157,147,0,144,153,131,140,0,0,127,0,133,0,0,142,148,0,150,168,159,0
32.9280810548614,-117.259855438523,145,148,136,0,0,139,0,0,0,0,148,0,0,153,0,139,139,0,128,0,133,149,136,142,148,0,150,0,157,147
32.9280896414215,-117.259855438523,0,0,136,132,0,139,0,148,144,0,149,0,145,154,132,0,139,150,128,136,132,148,0,142,148,0,0,0,158,0
32.9280987646415,-117.259855438523,0,149,136,0,0,139,0,0,0,0,149,0,144,0,130,140,138,151,0,136,132,0,135,142,0,157,0,0,158,146
32.9281073512016,-117.259855438523,145,149,136,0,0,139,150,149,0,158,0,164,0,154,132,139,138,0,0,0,0,0,0,0,148,157,149,0,0,0
32.9281164744216,-117.259855438523,0,0,136,0,0,139,150,148,148,158,148,162,0,157,0,139,139,150,0,137,133,0,135,142,148,0,149,169,157,0
32.9281250609817,-117.259855438523,145,0,0,0,0,139,151,0,145,157,0,161,0,0,132,140,138,151,0,0,132,148,136,146,148,156,150,168,158,147
32.9281336475417,-117.259855438523,145,0,0,0,0,0,0,0,0,0,148,160,144,0,132,0,0,151,128,0,133,148,135,142,0,0,0,168,157,0
32.928168530442,-117.259855438523,145,149,136,133,0,138,151,148,145,158,148,160,144,153,132,140,138,151,127,136,133,149,135,142,148,157,150,169,158,147
32.9282340029624,-117.259855438523,0,148,0,132,0,138,149,0,0,157,148,0,143,0,131,141,0,151,128,136,0,0,135,142,0,157,0,0,159,0
32.9282425895225,-117.259855438523,0,149,136,0,0,139,156,0,0,0,0,162,144,0,132,0,0,0,0,0,0,148,135,0,148,0,0,169,0,147
32.9282522494025,-117.259855438523,0,149,0,133,0,0,0,148,144,0,0,160,144,0,0,139,147,0,128,136,133,148,134,142,148,0,0,169,158,147
32.9282608359626,-117.259855438523,0,149,0,133,0,0,0,0,145,0,150,0,144,154,131,0,138,0,0,136,0,0,0,140,148,157,150,168,157,148
32.9282887422828,-117.259855438523,145,0,136,133,0,0,150,148,0,158,148,162,144,154,132,141,139,151,129,136,133,148,136,142,148,0,150,168,158,147
32.9283483115432,-117.259855438523,0,149,0,133,0,0,149,0,0,158,148,160,0,154,131,0,139,151,0,136,132,149,0,142,148,157,150,169,159,146
32.9283579714232,-117.259855438523,145,150,135,133,0,0,151,0,0,158,149,161,144,0,132,140,137,151,0,136,133,0,0,0,148,157,150,0,0,147
32.9283670946433,-117.259855438523,0,148,136,0,0,139,151,148,0,158,0,161,144,0,0,140,139,0,0,136,142,0,0,0,148,157,151,0,158,0
32.9283762178633,-117.259855438523,0,148,0,0,0,0,151,0,144,158,0,162,0,153,0,0,138,0,128,136,133,147,136,142,0,0,151,168,157,147
32.9283853410834,-117.259855438523,145,148,136,0,0,139,0,149,0,0,0,0,144,0,0,0,139,151,0,0,0,0,135,141,148,0,150,168,0,0
32.9284422270438,-117.259855438523,145,149,136,133,0,139,149,148,145,158,148,161,144,153,131,139,139,152,127,136,133,149,135,140,148,157,149,168,158,148
32.9279812361007,-117.259855438523,0,0,0,0,0,0,0,0,0,0,0,0,0,0,0,0,0,0,0,0,0,0,0,0,0,0,0,0,0,0
32.9279828460807,-117.259855438523,0,148,0,0,0,0,0,0,0,158,0,0,0,0,0,139,0,151,0,136,0,148,0,140,0,0,0,0,158,147
32.9279903593208,-117.259855438523,0,149,137,132,0,0,151,0,0,158,0,161,144,154,0,0,0,151,129,0,133,149,0,142,0,157,150,168,0,145
32.9279994825409,-117.259855438523,145,0,137,0,0,138,0,0,0,0,0,0,0,0,133,139,0,0,129,0,133,0,133,142,147,0,151,0,159,0
32.9279812361007,-117.259855438523,0,0,0,0,0,0,0,0,0,0,0,0,0,0,0,0,0,0,0,0,0,0,0,0,0,0,0,0,0,0
32.9279844560608,-117.259855438523,0,0,0,0,0,139,151,0,0,157,0,161,144,154,0,0,0,0,0,136,0,148,133,0,0,0,150,0,0,0
32.9279930426208,-117.259855438523,145,149,0,0,0,0,0,0,0,158,148,0,0,153,0,139,0,0,0,135,132,0,134,0,0,156,150,173,158,147
32.9280010925209,-117.259855438523,145,149,0,0,0,0,149,148,145,0,148,0,144,153,133,139,0,150,0,0,131,149,0,140,148,0,150,168,157,147
32.9280091424209,-117.259855438523,145,149,0,133,0,139,0,149,0,157,148,0,144,153,133,0,0,150,129,135,133,148,135,0,148,157,150,168,0,147
32.928018265641,-117.259855438523,145,149,136,133,0,139,150,0,145,158,0,161,145,0,133,139,0,150,129,0,132,0,134,142,148,157,149,169,158,147
32.9279812361007,-117.259855438523,0,0,0,0,0,0,0,0,0,0,0,0,0,0,0,0,0,0,0,0,0,0,0,0,0,0,0,0,0,0
32.9279833827407,-117.259855438523,0,0,0,0,0,0,149,0,145,0,0,0,0,153,0,0,136,0,0,135,133,0,132,142,0,157,0,168,158,145
32.9279925059608,-117.259855438523,145,0,136,133,0,0,0,149,0,157,0,162,0,0,132,140,0,0,130,136,0,149,0,142,148,156,150,168,159,0
32.9280016291809,-117.259855438523,144,149,0,0,0,0,150,0,0,157,150,161,0,0,132,0,136,0,0,0,0,148,0,0,0,0,150,0,0,0
32.9280086057609,-117.259855438523,145,149,0,133,0,0,0,149,145,158,0,162,144,153,132,139,136,0,0,135,0,148,133,141,148,157,151,168,158,0
32.928017728981,-117.259855438523,145,149,0,0,0,139,0,0,0,158,149,162,0,0,131,0,136,0,0,0,133,149,0,0,0,0,0,0,0,147
32.928026852201,-117.259855438523,0,0,136,133,0,0,0,148,0,158,148,161,145,0,132,0,0,0,0,135,133,0,0,0,0,0,0,0,0,147
32.9280354387611,-117.259855438523,0,0,0,133,0,0,0,148,0,0,148,0,145,0,0,139,0,151,130,0,0,148,0,0,148,157,151,168,0,147
32.9280391953811,-117.259855438523,0,0,0,0,0,139,0,0,0,0,0,0,0,0,0,0,0,144,0,0,0,0,0,0,0,156,0,169,0,0
32.9280864214614,-117.259855438523,145,148,137,133,0,138,148,148,145,158,149,161,145,154,132,140,136,151,130,136,133,148,133,142,147,157,151,168,158,145
32.9280864214614,-117.259855438523,0,0,0,0,0,0,0,0,0,0,0,0,0,0,0,0,0,0,0,0,0,0,0,0,0,0,0,0,0,0
32.9280998379615,-117.259855438523,145,149,137,133,0,0,150,148,0,0,148,162,145,154,132,139,137,151,130,0,133,149,0,143,147,156,151,168,159,146
32.9280998379615,-117.259855438523,0,0,0,0,0,0,0,0,0,0,0,0,0,0,0,0,0,0,0,0,0,0,0,0,0,0,0,0,0,0
32.9281052045616,-117.259855438523,145,149,0,0,0,139,0,148,145,157,149,0,145,152,0,0,0,150,130,136,0,0,132,142,0,0,0,0,159,0
32.9281057412216,-117.259855438523,0,0,0,0,0,0,0,0,0,0,0,0,0,0,0,0,0,0,0,0,0,0,0,0,0,0,0,0,0,0
32.9281116444816,-117.259855438523,145,0,137,0,0,0,149,0,0,0,149,160,0,0,0,139,0,0,0,135,0,148,0,0,148,157,0,168,0,147
32.9281116444816,-117.259855438523,0,0,0,0,0,0,0,0,0,0,0,0,0,0,0,0,0,0,0,0,0,0,0,0,0,0,0,0,0,0
32.9279812361007,-117.259855438523,0,0,0,0,0,0,0,0,0,0,0,0,0,0,0,0,0,0,0,0,0,0,0,0,0,0,0,0,0,0
32.9279844560608,-117.259855438523,144,149,137,133,0,137,0,148,0,158,148,0,0,0,0,0,0,150,0,0,0,0,133,142,0,158,0,169,159,0
32.9279935792808,-117.259855438523,145,149,137,0,0,138,151,149,0,157,149,161,0,153,0,141,137,154,0,0,133,0,133,142,148,157,151,0,159,146
32.9280021658409,-117.259855438523,0,149,0,0,0,0,0,0,0,158,0,0,145,154,131,140,0,0,0,0,0,0,134,0,0,157,152,0,0,148
32.9280102157409,-117.259855438523,145,148,0,0,0,0,149,149,0,157,0,0,145,154,132,0,136,150,0,0,133,148,133,142,0,157,151,0,159,147
32.928019338961,-117.259855438523,0,0,136,134,0,0,0,148,145,0,148,162,145,154,132,0,136,151,0,135,133,149,0,0,148,156,151,0,159,146
32.928023632241,-117.259855438523,0,0,0,133,0,138,0,149,0,0,149,0,145,0,132,0,0,151,130,135,0,0,133,0,0,0,0,169,158,0
32.9280515385612,-117.259855438523,145,150,136,134,0,139,151,148,145,158,149,162,145,154,132,139,137,151,130,135,133,149,133,0,148,158,151,168,159,0
32.9280526118812,-117.259855438523,0,0,0,0,0,0,0,0,0,0,0,0,0,0,132,0,0,0,0,0,0,0,0,0,0,0,0,168,0,0
32.9280579784812,-117.259855438523,144,149,137,0,0,0,0,0,0,0,0,160,0,154,0,139,136,151,130,0,133,0,0,142,148,0,0,0,0,0
32.9280585151412,-117.259855438523,0,0,0,0,0,0,0,0,0,0,148,0,0,0,0,0,0,0,0,0,0,0,0,0,0,0,0,0,0,0
32.9280638817413,-117.259855438523,0,149,0,133,0,0,0,0,0,0,0,0,145,0,132,0,0,155,0,0,133,0,133,142,0,0,151,169,159,147
32.9280649550613,-117.259855438523,145,0,0,0,0,138,150,0,0,0,0,0,0,0,0,0,0,0,0,0,0,0,0,0,0,0,0,0,0,0
32.9280762249214,-117.259855438523,0,149,137,133,0,0,149,148,145,158,149,0,145,154,131,140,0,151,0,0,133,149,134,142,148,156,151,170,158,147
32.9280767615814,-117.259855438523,0,0,0,0,0,0,0,0,0,0,148,0,0,0,0,0,0,0,0,0,0,0,0,0,0,0,0,0,159,0
32.9280885681014,-117.259855438523,144,149,136,133,0,0,149,149,145,158,0,0,145,154,131,0,137,150,130,136,133,148,133,141,148,158,151,169,158,147
32.9280896414215,-117.259855438523,0,0,0,0,0,0,0,0,0,0,0,0,0,0,0,0,136,0,0,0,134,0,0,0,0,0,0,0,0,0
32.9281175477416,-117.259855438523,145,150,137,133,0,138,150,143,145,158,149,162,145,154,132,141,0,150,130,136,133,148,133,142,148,157,151,168,158,146
32.9281186210616,-117.259855438523,0,0,0,0,0,0,0,0,0,0,0,0,0,0,0,0,0,0,0,136,0,0,0,0,0,0,151,0,0,0
32.9281363308418,-117.259855438523,145,148,0,134,0,138,0,149,145,158,149,161,145,154,132,139,136,151,130,136,133,149,133,142,148,157,152,168,159,0
32.9281374041618,-117.259855438523,0,0,0,0,0,0,0,0,0,0,0,0,0,0,0,0,0,0,0,0,132,0,0,0,0,0,0,0,0,0
32.9281642371619,-117.259855438523,145,149,137,132,0,139,150,148,145,158,149,166,145,153,132,141,137,150,130,136,133,149,134,142,148,157,151,168,158,147
32.9281647738219,-117.259855438523,0,0,0,0,0,0,0,0,0,0,0,0,0,0,0,139,0,0,0,0,0,0,0,0,0,0,0,0,0,0
32.9281948267821,-117.259855438523,145,149,136,133,0,137,0,148,145,157,148,161,145,154,132,141,136,151,130,136,133,149,133,142,148,157,151,168,158,147
32.9281959001022,-117.259855438523,0,0,136,0,0,0,0,0,0,0,0,0,0,0,0,0,0,0,0,0,0,0,0,0,0,0,0,0,0,0
32.928317185263,-117.259855438523,145,149,137,133,0,137,151,148,146,158,142,161,144,154,132,141,136,151,130,136,133,149,134,142,148,157,151,169,159,147
32.928318258583,-117.259855438523,0,0,0,0,0,0,0,0,0,0,0,0,0,0,0,0,0,0,0,0,0,0,0,0,0,0,0,0,0,147
32.9283520681632,-117.259855438523,145,149,136,133,0,139,148,148,145,158,149,162,145,153,130,140,137,151,130,135,132,149,134,141,148,157,150,168,159,147
32.9283531414832,-117.259855438523,0,0,0,133,0,0,0,0,0,0,0,0,0,0,0,0,0,0,0,0,0,0,0,0,0,0,0,0,0,0
32.9283697779433,-117.259855438523,145,0,136,133,0,139,150,148,145,158,0,0,145,154,132,140,136,150,130,136,133,0,133,142,148,157,151,168,159,147
32.9283703146033,-117.259855438523,0,0,0,0,0,138,0,0,0,0,0,0,0,0,0,0,0,0,0,0,0,0,0,142,0,0,0,0,0,0
32.9279812361007,-117.259855438523,0,0,0,0,0,0,0,0,0,0,0,0,0,0,0,0,0,0,0,0,0,0,0,0,0,0,0,0,0,0
32.9279839194008,-117.259855438523,0,0,136,0,0,139,0,0,0,0,0,0,0,0,132,0,0,151,0,0,133,0,133,0,0,0,152,168,159,147
32.9279925059608,-117.259855438523,145,149,0,133,0,138,150,148,0,159,0,162,145,154,132,141,0,150,130,136,133,149,0,142,148,157,150,169,159,148
32.9280021658409,-117.259855438523,145,149,0,133,0,139,149,0,0,157,148,161,145,154,0,139,0,0,0,0,0,148,0,142,0,157,151,169,159,0
32.9280043124809,-117.259855438523,0,153,0,0,0,0,0,0,0,0,151,0,0,0,0,0,0,0,0,0,0,0,0,0,148,0,0,0,0,0
32.928013972361,-117.259855438523,0,150,137,133,0,139,0,148,145,157,149,0,145,154,0,140,136,150,0,0,0,148,0,142,0,158,0,0,0,147
32.928013972361,-117.259855438523,0,0,0,0,0,0,0,0,0,0,0,0,0,0,0,0,0,0,0,0,0,0,0,0,0,0,0,0,0,0
32.9280413420211,-117.259855438523,145,149,137,133,0,139,154,148,145,157,150,161,145,154,131,140,138,150,130,136,133,149,133,142,148,157,151,168,158,0
32.9280413420211,-117.259855438523,0,0,0,0,0,0,0,0,0,0,0,0,0,0,0,0,0,0,0,0,0,0,0,0,0,0,0,0,0,0
32.9279812361007,-117.259855438523,0,0,0,0,0,0,0,0,0,0,0,0,0,0,0,0,0,0,0,0,0,0,0,0,0,0,0,0,0,0
32.9279812361007,-117.259855438523,0,0,0,0,0,0,0,0,145,162,0,162,145,0,132,0,0,0,0,0,0,0,0,0,0,0,151,0,0,0
32.9279855293808,-117.259855438523,143,149,136,133,0,137,0,0,145,157,0,0,0,153,0,0,0,150,0,135,0,149,0,142,0,0,0,0,158,0
32.9279951892608,-117.259855438523,145,0,138,0,0,0,0,0,0,158,0,162,0,154,131,0,137,150,130,135,0,0,0,141,0,157,151,168,0,146
32.9280027025009,-117.259855438523,145,0,136,0,0,0,150,148,145,158,0,161,145,0,132,140,136,0,0,135,132,0,0,0,0,0,151,167,159,146
32.9280123623809,-117.259855438523,0,149,0,133,0,0,0,0,0,158,0,0,0,154,0,0,136,0,130,136,133,149,0,142,147,157,0,169,159,145
32.928020948941,-117.259855438523,0,0,137,132,0,138,149,148,145,158,0,161,0,152,132,0,0,151,0,0,133,0,132,142,0,158,150,0,158,147
32.9280295355011,-117.259855438523,0,149,137,133,0,138,0,0,145,158,0,162,0,0,131,140,136,0,130,135,133,148,0,0,0,0,150,169,158,146
32.9280381220611,-117.259855438523,145,0,136,133,0,137,149,0,145,0,0,0,0,0,130,139,0,151,0,136,133,0,133,141,148,0,150,169,158,145
32.9280472452812,-117.259855438523,0,150,0,0,0,139,150,148,145,158,148,0,145,153,131,140,0,0,130,135,0,149,0,142,148,156,150,0,159,0
32.9280558318412,-117.259855438523,145,149,0,133,0,138,150,148,145,158,0,162,145,154,0,141,137,0,0,0,0,0,135,0,148,157,0,168,159,147
32.9280649550613,-117.259855438523,0,148,0,133,0,0,149,148,145,158,149,162,145,152,0,0,0,150,0,0,133,149,133,142,0,0,151,168,0,147
32.9280735416213,-117.259855438523,145,149,0,133,0,139,0,148,0,0,148,162,0,154,132,0,0,0,0,136,0,149,0,0,148,157,150,0,158,147
32.9280821281814,-117.259855438523,145,0,137,0,0,138,0,149,0,158,148,166,145,154,132,139,0,0,0,135,0,148,0,0,148,157,151,168,158,0
32.9280917880615,-117.259855438523,143,148,0,0,0,139,148,0,151,157,0,161,144,154,131,0,137,150,0,136,133,0,132,142,147,157,152,168,159,145
32.9280971546615,-117.259855438523,0,149,0,133,0,0,149,0,145,0,149,161,145,0,0,139,0,0,0,135,133,0,0,142,0,0,0,0,0,0
32.9281637005019,-117.259855438523,143,148,136,132,0,138,150,148,145,157,149,160,145,153,132,139,136,149,130,136,133,149,134,142,148,156,151,169,159,147
32.9281637005019,-117.259855438523,0,0,0,0,0,0,0,0,0,0,0,0,0,0,0,0,0,0,0,0,0,0,0,0,0,0,0,0,0,0
32.9281840935821,-117.259855438523,144,149,137,133,0,138,151,148,145,158,149,160,144,153,132,140,137,151,130,135,133,148,134,142,148,157,151,0,158,0
32.9281840935821,-117.259855438523,0,0,0,0,0,0,0,0,0,0,0,0,0,0,0,0,0,0,0,0,0,0,0,0,0,0,0,0,0,0
32.9282103899222,-117.259855438523,145,148,136,133,0,138,149,148,146,158,148,160,0,154,131,140,136,151,130,0,133,148,133,140,148,157,150,0,158,146
32.9282109265823,-117.259855438523,0,0,0,0,0,0,0,0,0,0,0,0,0,0,0,0,0,0,0,0,0,0,0,0,0,0,0,0,0,0
32.9282490294425,-117.259855438523,144,149,137,133,0,138,150,148,145,158,149,162,145,154,132,141,137,151,130,136,133,149,133,142,148,157,151,168,158,146
32.9282490294425,-117.259855438523,0,0,0,0,0,0,0,0,0,0,0,0,0,0,0,0,0,0,0,0,0,0,0,0,0,0,0,0,0,0
32.9279812361007,-117.259855438523,0,0,0,0,0,0,0,0,0,0,0,0,0,0,0,0,0,0,0,0,0,0,0,0,0,0,0,0,0,0
32.9279839194008,-117.259855438523,0,0,0,0,0,0,151,0,0,0,0,0,0,0,0,0,0,0,0,0,0,0,0,0,0,0,0,168,158,0
32.9279903593208,-117.259855438523,0,0,0,133,0,0,151,150,145,157,148,162,143,0,0,140,138,151,0,0,0,148,134,0,147,157,150,168,158,147
32.9280000192009,-117.259855438523,145,149,136,0,0,0,151,149,145,158,148,0,0,154,0,0,137,150,129,136,132,0,136,141,0,152,0,168,0,147
32.9280086057609,-117.259855438523,145,145,0,133,0,139,0,0,144,158,147,0,145,0,132,140,138,0,129,136,133,148,0,141,0,157,0,0,157,148
32.928017192321,-117.259855438523,145,149,137,133,0,139,0,148,145,0,147,160,144,0,0,0,0,152,128,136,132,0,135,0,148,157,150,168,0,147
32.928026315541,-117.259855438523,0,0,136,133,0,0,0,0,0,158,0,0,0,154,0,140,0,152,128,136,0,0,136,142,148,157,151,168,0,147
32.9280354387611,-117.259855438523,145,0,137,133,0,139,0,0,144,0,148,160,0,153,131,0,0,150,129,136,131,0,0,142,148,157,150,169,0,156
32.9280429520011,-117.259855438523,145,0,0,133,0,138,150,148,144,0,148,0,0,0,133,141,0,151,0,136,132,148,0,0,0,0,149,169,158,0
32.9280440253211,-117.259855438523,0,149,0,0,0,0,0,0,144,0,147,161,0,0,133,0,0,152,0,0,0,148,0,0,147,157,149,169,0,148
32.9281046679016,-117.259855438523,145,148,137,133,0,139,151,149,144,157,148,160,144,154,133,140,137,150,129,136,132,148,134,142,147,157,149,169,158,147
32.9281046679016,-117.259855438523,0,0,0,0,0,0,0,0,0,0,0,0,0,0,0,0,0,0,0,0,0,0,0,0,0,0,0,0,0,0
32.9281492106818,-117.259855438523,145,149,137,133,0,138,151,149,144,157,147,161,144,154,133,139,138,151,127,136,133,148,135,142,147,157,151,168,158,147
32.9281497473418,-117.259855438523,0,0,0,0,0,0,0,0,0,0,0,0,0,0,0,0,0,0,0,0,0,0,0,0,0,0,0,0,0,0
32.9281899968421,-117.259855438523,145,149,137,133,0,139,151,149,144,157,149,162,144,154,133,139,139,151,128,136,131,148,136,142,147,157,149,168,158,147
32.9281905335021,-117.259855438523,0,0,0,0,0,0,0,0,0,0,0,0,0,0,0,0,0,0,0,0,0,0,0,0,0,0,0,0,0,0
32.9279812361007,-117.259855438523,0,0,0,0,0,0,0,0,0,0,0,0,0,0,0,0,0,0,0,0,0,0,0,0,0,0,0,0,0,0
32.9279823094207,-117.259855438523,0,149,0,0,0,139,0,0,0,0,0,0,0,0,0,0,0,151,0,0,0,0,0,0,0,0,0,0,0,148
32.9279898226608,-117.259855438523,0,0,137,0,0,139,0,0,145,0,147,162,145,154,0,140,0,0,128,0,131,148,134,141,0,157,0,169,0,0
32.9279989458809,-117.259855438523,0,149,136,0,0,0,151,0,144,0,148,161,0,0,0,0,0,150,0,136,132,0,135,142,0,157,151,168,0,148
32.9280064591209,-117.259855438523,0,148,0,0,0,138,0,0,0,0,148,162,144,153,0,140,0,0,0,0,132,0,0,0,148,157,153,164,158,147
32.928015045681,-117.259855438523,0,149,137,133,0,139,0,0,0,158,148,154,144,154,0,0,0,151,129,136,131,148,0,0,148,157,151,0,157,147
32.928023632241,-117.259855438523,145,0,0,0,0,139,151,0,0,0,0,161,0,153,133,0,139,150,0,136,0,0,134,142,148,0,151,0,158,0
32.9280306088211,-117.259855438523,0,0,136,133,0,139,0,0,0,0,148,160,0,0,133,0,139,0,127,0,133,149,136,0,0,0,150,0,158,0
32.9280381220611,-117.259855438523,145,0,137,133,0,0,151,0,0,0,149,161,144,0,133,0,137,151,128,136,0,148,134,0,0,157,0,169,157,148
32.9280408053611,-117.259855438523,0,0,136,0,0,0,151,0,0,0,148,162,0,154,0,0,0,152,0,0,0,149,0,0,0,157,0,168,0,0
32.9280805182014,-117.259855438523,145,0,137,133,0,139,150,148,144,158,149,162,145,154,133,0,137,152,129,137,132,149,136,142,148,157,149,163,158,148
32.9280810548614,-117.259855438523,0,0,0,0,0,0,0,0,0,0,0,0,0,0,0,0,0,0,0,0,0,0,0,0,0,0,0,0,0,0
32.9281229143417,-117.259855438523,145,149,137,133,0,139,151,150,144,158,147,162,144,154,133,140,138,151,128,136,132,149,135,142,148,157,151,168,158,148
32.9281229143417,-117.259855438523,0,0,0,0,0,0,0,0,0,0,0,0,0,0,0,0,0,0,0,0,0,0,0,0,0,0,0,0,0,0
32.9279812361007,-117.259855438523,0,0,0,0,0,0,0,0,0,0,0,0,0,0,0,0,0,0,0,0,0,0,0,0,0,0,0,0,0,0
32.9279844560608,-117.259855438523,0,0,0,0,0,0,0,0,144,0,148,160,144,0,0,0,0,150,0,0,0,0,0,142,0,0,150,0,0,147
32.9279919693008,-117.259855438523,145,149,0,0,0,138,151,148,0,158,0,161,145,154,0,139,138,0,129,136,0,0,136,0,0,157,149,168,0,0
32.9279946526008,-117.259855438523,0,149,136,0,0,139,0,148,0,0,0,0,144,0,0,0,137,0,128,0,0,0,0,142,0,157,0,168,158,146
32.9279994825409,-117.259855438523,145,148,137,0,0,138,151,149,144,157,148,160,0,153,0,0,139,150,0,136,132,0,0,141,148,157,150,168,158,0
32.9280075324409,-117.259855438523,0,0,136,0,0,0,0,149,0,157,0,0,0,154,133,0,0,150,128,0,132,0,0,0,147,0,150,168,157,0
32.928016655661,-117.259855438523,0,149,137,0,0,139,151,150,0,157,148,160,0,154,0,139,137,0,0,136,0,0,134,141,147,157,150,168,158,0
32.928025778881,-117.259855438523,0,148,136,132,0,0,0,0,143,158,0,162,0,0,0,140,138,0,128,0,0,149,0,142,0,0,151,168,0,147
32.928028462181,-117.259855438523,0,0,0,133,0,0,150,149,0,0,147,0,0,0,133,0,0,151,0,0,0,154,0,0,0,0,0,0,0,0
32.9280633450813,-117.259855438523,144,148,137,132,0,139,151,149,143,158,148,161,144,154,133,140,139,152,129,136,133,148,135,142,147,157,150,168,158,147
32.9280638817413,-117.259855438523,0,0,0,0,0,0,0,0,0,0,0,0,0,0,0,0,0,0,0,0,0,0,0,0,0,0,0,0,0,0
32.9281062778816,-117.259855438523,145,149,136,133,0,138,151,149,145,158,148,161,144,154,133,141,137,150,128,136,132,149,135,142,148,0,150,166,157,147
32.9281062778816,-117.259855438523,0,0,0,0,0,0,0,0,0,0,0,0,0,0,0,0,0,0,0,0,0,0,0,0,0,0,0,0,0,0
32.9281374041618,-117.259855438523,145,148,136,132,0,138,150,150,144,158,148,160,143,0,133,139,139,152,128,136,132,148,135,0,148,157,150,168,158,147
32.9281379408218,-117.259855438523,0,0,0,0,0,0,0,0,0,0,0,0,0,0,0,0,0,0,0,0,0,0,0,0,0,0,0,0,0,0
32.9279812361007,-117.259855438523,0,0,0,0,0,0,0,0,0,0,0,0,0,0,0,0,0,0,0,0,0,0,0,0,0,0,0,0,0,0
32.9279828460807,-117.259855438523,0,150,0,0,0,0,151,149,0,0,0,0,145,0,0,0,138,0,0,0,0,0,135,0,0,0,151,0,0,0
32.9279903593208,-117.259855438523,0,149,136,133,0,0,151,0,145,158,148,0,144,154,132,0,137,150,130,0,133,0,135,142,148,157,151,0,158,0
32.9280000192009,-117.259855438523,0,149,137,0,0,139,0,0,0,0,0,161,145,154,132,0,0,151,130,0,133,147,0,0,0,157,151,168,159,147
32.9280069957809,-117.259855438523,0,149,136,133,0,139,150,0,0,154,150,162,0,154,0,0,138,0,0,0,133,0,135,0,148,157,150,169,159,146
32.928016655661,-117.259855438523,144,0,0,0,0,0,151,149,0,158,0,162,152,154,0,141,138,151,0,136,132,149,134,0,148,0,0,168,158,148
32.9280735416213,-117.259855438523,144,148,136,133,0,139,151,148,145,158,149,160,145,153,133,140,138,151,129,136,133,148,134,143,148,157,150,168,159,147
32.9281524306419,-117.259855438523,145,150,136,133,0,139,150,149,145,158,149,162,145,154,133,141,137,151,130,136,133,148,135,142,148,157,151,168,159,147
32.9282511760825,-117.259855438523,145,150,137,134,0,145,150,148,145,158,150,160,145,153,133,140,136,151,130,136,133,148,133,142,148,157,152,169,160,147
32.9279812361007,-117.259855438523,0,0,0,0,0,0,0,0,0,0,0,0,0,0,0,0,0,0,0,0,0,0,0,0,0,0,0,0,0,0
32.9279844560608,-117.259855438523,144,0,0,0,0,139,0,0,0,0,0,0,0,153,133,0,0,0,0,0,0,0,133,0,148,0,0,167,157,0
32.9279935792808,-117.259855438523,0,149,139,132,0,0,0,149,144,158,147,0,0,0,0,139,0,149,130,0,0,0,133,139,147,0,0,167,158,0
32.9280027025009,-117.259855438523,0,149,138,132,0,0,151,0,144,158,148,0,144,154,0,139,0,151,130,0,0,148,0,0,148,0,0,168,155,0
32.9280107524009,-117.259855438523,145,148,139,133,0,138,149,149,0,0,0,0,0,153,0,138,136,149,129,134,0,148,0,142,146,0,0,0,158,146
32.928020412281,-117.259855438523,0,148,138,131,0,138,149,0,0,0,148,0,143,153,133,0,136,150,130,133,132,148,133,0,0,0,0,167,157,147
32.9279812361007,-117.259855438523,0,0,0,0,0,0,0,0,0,0,0,0,0,0,0,0,0,0,0,0,0,0,0,0,0,0,0,0,0,0
32.9279844560608,-117.259855438523,0,147,137,0,0,0,0,148,0,0,0,160,0,0,0,0,138,150,0,133,0,148,0,141,0,157,149,0,0,146
32.9279930426208,-117.259855438523,145,0,0,131,0,139,150,0,145,158,148,160,0,152,132,139,0,150,0,134,0,0,0,139,146,0,150,167,158,146
32.9280027025009,-117.259855438523,0,0,138,132,0,138,150,0,0,158,0,0,143,152,0,0,137,149,0,0,131,148,0,0,0,0,0,167,157,146
32.9280091424209,-117.259855438523,145,148,138,0,0,138,151,148,0,0,147,0,0,154,0,0,137,0,130,0,0,148,0,0,148,157,151,0,157,145
32.928019338961,-117.259855438523,145,148,139,132,0,137,151,148,144,158,148,160,144,153,0,0,136,0,130,0,0,148,133,0,147,0,149,167,0,145
32.928028462181,-117.259855438523,145,0,137,131,0,0,0,0,0,0,148,161,144,0,133,139,0,149,129,0,0,0,133,0,147,0,149,0,158,0
32.9280370487411,-117.259855438523,0,148,0,0,0,138,150,148,0,0,148,160,145,153,132,139,0,150,0,0,133,147,133,0,147,157,150,167,157,146
32.9280461719612,-117.259855438523,145,148,0,133,0,138,150,0,0,157,0,0,143,154,133,139,137,0,130,0,0,147,0,0,146,0,0,167,0,146
32.9280542218612,-117.259855438523,0,148,139,0,0,0,150,149,145,0,0,0,0,0,133,0,137,149,0,134,133,148,0,141,0,0,149,168,0,146
32.9280633450813,-117.259855438523,0,0,139,0,0,138,151,148,145,157,148,160,0,153,133,139,0,0,0,133,132,148,133,142,146,156,0,0,157,147
32.9280719316413,-117.259855438523,0,148,0,133,0,139,151,0,145,157,148,160,0,154,133,139,0,0,130,134,0,0,133,139,0,157,0,161,158,0
32.9280805182014,-117.259855438523,145,0,0,0,0,137,149,0,0,158,0,160,144,152,132,0,138,0,129,134,0,148,133,141,147,0,150,168,157,146
32.9280896414215,-117.259855438523,0,0,0,0,0,138,150,0,0,158,148,160,144,154,0,139,137,149,0,133,132,148,133,141,0,157,149,168,0,146
32.9280987646415,-117.259855438523,142,148,0,0,0,138,151,0,0,158,0,160,144,152,0,139,137,0,0,133,132,147,0,141,147,157,0,167,0,0
32.9279812361007,-117.259855438523,0,0,0,0,0,0,0,0,0,0,0,0,0,0,0,0,0,0,0,0,0,0,0,0,0,0,0,0,0,0
32.9279844560608,-117.259855438523,0,0,0,134,0,0,151,0,144,0,0,0,145,154,133,142,138,152,0,0,0,0,0,143,0,157,0,0,159,0
32.9279930426208,-117.259855438523,145,0,0,0,0,140,151,149,0,158,148,0,0,0,133,142,138,151,130,138,133,149,0,0,148,157,151,168,158,0
32.9280005558609,-117.259855438523,0,150,136,134,0,139,151,149,0,158,150,0,145,154,0,0,0,0,130,138,132,150,136,0,147,157,151,169,159,146
32.9280091424209,-117.259855438523,145,150,0,133,0,0,150,149,0,157,149,161,0,154,133,0,0,151,130,139,133,151,0,143,148,157,152,169,158,147
32.928017728981,-117.259855438523,145,149,136,0,0,139,0,150,0,158,148,161,146,154,0,0,0,151,130,0,133,150,136,142,0,0,0,169,159,147
32.928026852201,-117.259855438523,0,149,0,133,0,139,0,0,145,158,148,0,0,0,0,142,138,152,0,0,0,151,136,142,0,0,0,169,158,0
32.9280354387611,-117.259855438523,145,150,138,133,0,140,0,0,0,157,148,160,145,154,0,142,0,151,130,138,0,151,136,143,0,158,151,168,0,148
32.9280445619812,-117.259855438523,145,0,137,135,0,0,151,149,0,158,0,160,145,154,0,141,138,0,130,139,133,0,0,142,0,0,0,168,158,148
32.9280531485412,-117.259855438523,0,150,137,133,0,139,150,0,0,157,148,162,145,154,0,142,0,152,130,0,133,0,0,142,148,0,0,169,0,148
32.9280617351013,-117.259855438523,146,149,0,0,0,0,0,0,0,0,0,162,145,0,0,142,0,151,130,137,133,0,137,143,147,0,0,169,0,148
32.9280708583213,-117.259855438523,146,149,137,0,0,0,151,149,145,158,148,160,0,0,133,142,139,151,130,139,133,151,0,142,148,157,151,0,159,146
32.9280794448814,-117.259855438523,0,0,0,0,0,0,151,0,145,157,0,0,0,154,0,142,139,151,130,0,133,151,0,143,148,0,151,0,158,147
32.9280880314414,-117.259855438523,0,150,136,134,0,0,151,0,145,0,149,0,145,154,133,0,138,0,0,0,0,151,0,142,148,156,151,168,158,147
32.9280966180015,-117.259855438523,0,150,0,135,0,0,151,150,0,158,0,160,145,0,133,0,138,152,0,0,0,151,0,142,147,156,152,0,158,147
32.9281062778816,-117.259855438523,0,150,0,134,0,0,151,149,0,0,148,161,145,0,0,142,0,151,0,138,133,151,0,142,148,0,150,168,159,148
32.9281154011016,-117.259855438523,145,0,137,134,0,140,152,150,144,158,148,162,145,0,0,0,138,151,130,0,133,0,0,142,148,0,0,0,158,0
32.9281239876617,-117.259855438523,145,148,137,135,0,139,0,0,0,157,147,160,145,0,133,142,138,152,0,137,133,151,137,0,148,0,151,168,159,148
32.9281331108817,-117.259855438523,144,150,137,0,0,139,0,150,0,0,148,162,0,0,0,142,138,0,130,0,0,150,138,143,148,0,0,0,159,147
32.9281416974418,-117.259855438523,0,149,136,135,0,0,151,0,145,156,147,162,0,154,0,142,138,151,0,0,133,0,0,142,0,157,0,169,158,0
32.9281502840019,-117.259855438523,146,150,137,134,0,0,0,149,145,157,0,0,146,0,133,0,0,151,0,137,0,0,0,0,148,0,0,0,159,148
32.9281594072219,-117.259855438523,146,148,137,133,0,0,0,149,145,0,148,161,0,154,0,0,0,150,130,0,0,0,136,142,148,157,152,169,159,147
32.928167993782,-117.259855438523,0,0,0,0,0,139,151,150,0,158,0,161,145,154,133,0,0,0,130,0,0,151,0,0,0,157,151,168,0,0
32.928177653662,-117.259855438523,145,148,0,134,0,139,0,149,145,158,0,160,145,0,133,0,0,0,0,0,0,151,136,0,0,0,151,0,0,0
32.9281867768821,-117.259855438523,146,0,136,133,0,139,152,0,145,0,148,162,146,154,133,142,0,151,130,139,133,151,0,0,0,157,151,169,159,0
32.9279812361007,-117.259855438523,0,0,0,0,0,0,0,0,0,0,0,0,0,0,0,0,0,0,0,0,0,0,0,0,0,0,0,0,0,0
32.9279839194008,-117.259855438523,0,150,0,0,0,0,152,150,0,158,0,161,0,154,133,0,0,0,130,0,0,0,0,0,0,0,0,0,0,0
32.9279935792808,-117.259855438523,145,150,137,0,0,0,151,149,144,158,0,161,145,154,0,141,0,151,130,137,133,150,0,142,0,0,151,168,0,148
32.9280032391609,-117.259855438523,146,150,137,0,0,140,0,0,0,158,149,162,0,154,133,142,138,152,130,0,132,149,136,142,148,157,0,169,0,0
32.9280107524009,-117.259855438523,0,150,0,0,0,140,152,0,145,157,148,161,0,0,0,142,138,151,0,0,133,0,0,136,147,157,151,168,160,148
32.9279812361007,-117.259855438523,0,0,0,0,0,0,0,0,0,0,0,0,0,0,0,0,0,0,0,0,0,0,0,0,0,0,0,0,0,0
32.9279844560608,-117.259855438523,144,148,0,133,0,138,0,0,0,158,0,0,0,153,133,0,0,0,130,0,0,148,133,0,0,0,0,0,158,0
32.9279935792808,-117.259855438523,0,0,0,132,0,0,151,149,0,158,148,0,144,152,133,139,0,0,130,0,0,0,133,0,0,0,0,167,158,0
32.9280010925209,-117.259855438523,0,0,0,0,0,0,0,148,144,0,147,0,144,0,0,0,137,149,0,0,0,0,0,0,148,0,0,167,0,0
32.9280064591209,-117.259855438523,145,148,138,132,0,138,149,0,0,158,147,0,144,0,133,0,137,151,0,134,0,0,133,140,147,0,0,168,158,0
32.928015582341,-117.259855438523,0,148,138,133,0,0,0,0,0,0,148,160,144,0,0,139,0,150,0,0,0,0,133,142,146,0,0,167,0,0
32.928017192321,-117.259855438523,145,0,0,0,0,0,149,0,0,0,148,160,0,0,0,139,0,151,0,134,132,0,133,0,0,0,0,167,0,147
32.928023632241,-117.259855438523,145,0,0,0,0,138,150,148,0,158,148,160,145,0,0,0,137,150,130,133,132,0,132,141,148,0,0,0,0,146
32.9280322188011,-117.259855438523,145,149,138,133,0,0,0,149,144,0,0,161,0,152,0,139,136,0,130,0,0,148,132,141,147,0,150,168,158,146
32.9280408053611,-117.259855438523,144,148,137,132,0,138,0,148,0,158,148,161,0,152,0,139,0,150,130,0,132,148,0,0,147,158,0,0,158,147
32.9280493919212,-117.259855438523,144,148,136,132,0,139,0,0,0,0,0,161,144,0,133,139,136,149,0,0,132,148,132,141,0,156,0,167,157,0
32.9280585151412,-117.259855438523,145,148,0,132,0,139,150,0,0,158,148,0,0,0,133,139,137,151,130,133,133,0,133,0,147,157,150,168,157,147
32.9280671017013,-117.259855438523,143,148,138,132,0,0,150,0,145,158,0,0,0,152,0,140,136,151,0,0,132,0,0,141,0,0,0,0,157,135
32.9280762249214,-117.259855438523,0,0,0,132,0,139,0,0,0,158,148,0,0,153,0,0,136,151,0,0,132,0,0,140,0,157,151,169,157,145
32.9280848114814,-117.259855438523,0,0,0,0,0,139,149,148,0,0,148,160,151,0,0,0,0,0,130,134,133,0,0,0,0,0,0,167,157,145
32.9280933980415,-117.259855438523,0,149,137,0,0,137,0,148,0,0,147,0,145,0,133,0,136,151,0,0,132,146,0,141,146,0,150,0,157,146
32.9281019846015,-117.259855438523,145,148,138,0,0,138,151,148,145,0,147,160,144,0,133,0,137,0,130,134,132,148,0,141,0,157,0,167,157,146
32.9281111078216,-117.259855438523,0,148,0,132,0,138,151,148,0,158,148,0,145,0,133,0,136,0,0,134,132,148,0,0,0,157,150,0,157,147
32.9281196943816,-117.259855438523,0,149,138,0,0,138,149,148,0,0,148,161,144,154,0,140,136,149,0,0,132,0,133,0,147,157,0,167,157,0
32.9281282809417,-117.259855438523,0,149,138,132,0,0,154,0,0,0,146,160,0,0,0,0,136,151,0,0,0,0,0,0,0,0,149,167,158,147
32.9281379408218,-117.259855438523,145,148,137,0,0,0,0,0,145,158,148,0,0,154,0,0,136,0,130,0,133,148,133,0,0,157,149,168,0,0
32.9281465273818,-117.259855438523,0,148,0,133,0,0,0,148,0,0,0,0,145,153,133,0,0,0,0,135,132,0,133,142,147,157,151,167,157,0
