"Lat,Lon,RSSI(1-30) 477764Lat,Lon,RSSI(477765-477766) 477767Lat,Lon,RSSI(477768-477769) 477770Lat,Lon,RSSI(477771-477772) 477773Lat,Lon,RSSI(477774-477775) 477776Lat,Lon,RSSI(477777-477778) 477779Lat,Lon,RSSI(477780-477781) 477782Lat,Lon,RSSI(477783-477784) 477785Lat,Lon,RSSI(477786-477787) 477788Lat,Lon,RSSI(477789-477790) 477791Lat,Lon,RSSI(477792-477793) "
32.9279812361007,-117.259855438523,0,0,0,0,0,0,0,0,0,0,0,0,0,0,0,0,0,0,0,0,0,0,0,0,0,0,0,0,0,0
32.9279812361007,-117.259855438523,0,0,0,0,0,0,0,0,0,0,0,0,0,0,0,0,0,0,0,0,0,0,0,0,0,0,0,0,0,0
32.9279871393608,-117.259855438523,0,0,0,0,0,0,0,0,0,0,0,0,0,0,0,0,0,0,0,0,0,0,0,0,0,0,0,0,0,0
32.9279951892608,-117.259855438523,0,0,0,0,0,0,0,0,0,0,0,0,0,0,0,0,0,0,0,0,0,0,0,0,0,0,0,0,0,0
32.9279957259208,-117.259855438523,0,0,0,0,0,0,0,0,0,0,0,0,0,0,0,0,0,0,0,0,0,0,0,0,0,0,0,0,0,0
32.9280010925209,-117.259855438523,0,0,0,0,0,0,0,0,0,0,0,0,0,0,0,0,0,0,0,0,0,0,0,0,0,0,0,0,0,0
32.9280102157409,-117.259855438523,0,0,0,0,0,0,0,0,0,0,0,0,0,0,0,0,0,0,0,0,0,0,0,0,0,0,0,0,0,0
32.928019338961,-117.259855438523,0,0,0,0,0,0,0,0,0,0,0,0,0,0,0,0,0,0,0,0,0,0,0,0,0,0,0,0,0,0
32.928028462181,-117.259855438523,0,0,0,0,0,0,0,0,0,0,0,0,0,0,0,0,0,0,0,0,0,0,0,0,0,0,0,0,0,0
32.9280375854011,-117.259855438523,0,0,0,0,0,0,0,0,0,0,0,0,0,0,0,0,0,0,0,0,0,0,0,0,0,0,0,0,0,0
32.9280472452812,-117.259855438523,0,0,0,0,0,0,0,0,0,0,0,0,0,0,0,0,0,0,0,0,0,0,0,0,0,0,0,0,0,0
32.9280558318412,-117.259855438523,0,0,0,0,0,0,0,0,0,0,0,0,0,0,0,0,0,0,0,0,0,0,0,0,0,0,0,0,0,0
32.9280654917213,-117.259855438523,0,0,0,0,0,0,0,0,0,0,0,0,0,0,0,0,0,0,0,0,0,0,0,0,0,0,0,0,0,0
32.9280735416213,-117.259855438523,0,0,0,0,0,0,0,0,0,0,0,0,0,0,0,0,0,0,0,0,0,0,0,0,0,0,0,0,0,0
32.9280821281814,-117.259855438523,0,0,0,0,0,0,0,0,0,0,0,0,0,0,0,0,0,0,0,0,0,0,0,0,0,0,0,0,0,0
32.9280907147415,-117.259855438523,0,0,0,0,0,0,0,0,0,0,0,0,0,0,0,0,0,0,0,0,0,0,0,0,0,0,0,0,0,0
32.9280993013015,-117.259855438523,0,0,0,0,0,0,0,0,0,0,0,0,0,0,0,0,0,0,0,0,0,0,0,0,0,0,0,0,0,0
32.9281084245216,-117.259855438523,0,0,0,0,0,0,0,0,0,0,0,0,0,0,0,0,0,0,0,0,0,0,0,0,0,0,0,0,0,0
32.9281170110816,-117.259855438523,0,0,0,0,0,0,0,0,0,0,0,0,0,0,0,0,0,0,0,0,0,0,0,0,0,0,0,0,0,0
32.9281266709617,-117.259855438523,0,0,0,0,0,0,0,0,0,0,0,0,0,0,0,0,0,0,0,0,0,0,0,0,0,0,0,0,0,0
32.9281352575218,-117.259855438523,0,0,0,0,0,0,0,0,0,0,0,0,0,0,0,0,0,0,0,0,0,0,0,0,0,0,0,0,0,0
32.9281443807418,-117.259855438523,0,0,0,0,0,0,0,0,0,0,0,0,0,0,0,0,0,0,0,0,0,0,0,0,0,0,0,0,0,0
32.9281529673019,-117.259855438523,0,0,0,0,0,0,0,0,0,0,0,0,0,0,0,0,0,0,0,0,0,0,0,0,0,0,0,0,0,0
32.9281620905219,-117.259855438523,0,0,0,0,0,0,0,0,0,0,0,0,0,0,0,0,0,0,0,0,0,0,0,0,0,0,0,0,0,0
32.928171213742,-117.259855438523,0,0,0,0,0,0,0,0,0,0,0,0,0,0,0,0,0,0,0,0,0,0,0,0,0,0,0,0,0,0
32.9281803369621,-117.259855438523,0,0,0,0,0,0,0,0,0,0,0,0,0,0,0,0,0,0,0,0,0,0,0,0,0,0,0,0,0,0
32.9281894601821,-117.259855438523,0,0,0,0,0,0,0,0,0,0,0,0,0,0,0,0,0,0,0,0,0,0,0,0,0,0,0,0,0,0
"Lat,Lon,RSSI(1-30) 477764Lat,Lon,RSSI(477765-477766) 477767Lat,Lon,RSSI(477768-477769) 477770Lat,Lon,RSSI(477771-477772) 477773Lat,Lon,RSSI(477774-477775) 477776Lat,Lon,RSSI(477777-477778) 477779Lat,Lon,RSSI(477780-477781) 477782Lat,Lon,RSSI(477783-477784) 477785Lat,Lon,RSSI(477786-477787) 477788Lat,Lon,RSSI(477789-477790) 477791Lat,Lon,RSSI(477792-477793) "
32.9279812361007,-117.259855438523,0,0,0,0,0,0,0,0,0,0,0,0,0,0,0,0,0,0,0,0,0,0,0,0,0,0,0,0,0,0
32.9279812361007,-117.259855438523,0,0,0,0,0,0,0,0,0,0,0,0,0,0,0,0,0,0,0,0,0,0,0,0,0,0,0,0,0,0
32.9279887493408,-117.259855438523,0,0,0,0,0,0,0,0,0,0,0,0,0,0,0,0,0,0,0,0,0,0,0,0,0,0,0,0,0,0
32.9279973359008,-117.259855438523,0,0,0,0,0,0,0,0,0,0,0,0,0,0,0,0,0,0,0,0,0,0,0,0,0,0,0,0,0,0
32.9280037758209,-117.259855438523,0,0,0,0,0,0,0,0,0,0,0,0,0,0,0,0,0,0,0,0,0,0,0,0,0,0,0,0,0,0
